  0.0000    0.000000    0.000000
  0.0010    0.011959    0.023996
  0.0020    0.047666    0.047968
  0.0030    0.106848    0.071893
  0.0040    0.189214    0.095747
  0.0050    0.294450    0.119507
  0.0060    0.422224    0.143150
  0.0070    0.572186    0.166655
  0.0080    0.743964    0.189999
  0.0090    0.937171    0.213160
  0.0100    1.151402    0.236117
  0.0110    1.386235    0.258850
  0.0120    1.641229    0.281338
  0.0130    1.915932    0.303561
  0.0140    2.209874    0.325500
  0.0150    2.522571    0.347135
  0.0160    2.853525    0.368449
  0.0170    3.202225    0.389422
  0.0180    3.568149    0.410039
  0.0190    3.950759    0.430280
  0.0200    4.349510    0.450132
  0.0210    4.763844    0.469576
  0.0220    5.193195    0.488599
  0.0230    5.636985    0.507185
  0.0240    6.094629    0.525320
  0.0250    6.565534    0.542991
  0.0260    7.049099    0.560185
  0.0270    7.544719    0.576889
  0.0280    8.051778    0.593092
  0.0290    8.569659    0.608782
  0.0300    9.097740    0.623949
  0.0310    9.635393    0.638583
  0.0320   10.181988    0.652675
  0.0330   10.736892    0.666216
  0.0340   11.299471    0.679199
  0.0350   11.869088    0.691615
  0.0360   12.445107    0.703459
  0.0370   13.026892    0.714723
  0.0380   13.613804    0.725403
  0.0390   14.205210    0.735494
  0.0400   14.800477    0.744991
  0.0410   15.398973    0.753892
  0.0420   16.000072    0.762193
  0.0430   16.603149    0.769891
  0.0440   17.207586    0.776986
  0.0450   17.812767    0.783476
  0.0460   18.418081    0.789360
  0.0470   19.022926    0.794640
  0.0480   19.626705    0.799315
  0.0490   20.228827    0.803387
  0.0500   20.828709    0.806858
  0.0510   21.425777    0.809730
  0.0520   22.019466    0.812008
  0.0530   22.609219    0.813693
  0.0540   23.194487    0.814791
  0.0550   23.774733    0.815306
  0.0560   24.349428    0.815243
  0.0570   24.918058    0.814609
  0.0580   25.480118    0.813409
  0.0590   26.035112    0.811651
  0.0600   26.582560    0.809341
  0.0610   27.121990    0.806488
  0.0620   27.652946    0.803100
  0.0630   28.174986    0.799185
  0.0640   28.687677    0.794753
  0.0650   29.190603    0.789813
  0.0660   29.683361    0.784375
  0.0670   30.165560    0.778450
  0.0680   30.636827    0.772048
  0.0690   31.096802    0.765180
  0.0700   31.545139    0.757858
  0.0710   31.981508    0.750094
  0.0720   32.405594    0.741899
  0.0730   32.817097    0.733287
  0.0740   33.215733    0.724269
  0.0750   33.601234    0.714860
  0.0760   33.973347    0.705071
  0.0770   34.331833    0.694918
  0.0780   34.676472    0.684412
  0.0790   35.007061    0.673570
  0.0800   35.323410    0.662403
  0.0810   35.625343    0.650927
  0.0820   35.912708    0.639157
  0.0830   36.185360    0.627107
  0.0840   36.443176    0.614791
  0.0850   36.686047    0.602226
  0.0860   36.913879    0.589424
  0.0870   37.126595    0.576403
  0.0880   37.324135    0.563176
  0.0890   37.506451    0.549760
  0.0900   37.673515    0.536168
  0.0910   37.825314    0.522418
  0.0920   37.961845    0.508523
  0.0930   38.083130    0.494499
  0.0940   38.189194    0.480362
  0.0950   38.280087    0.466126
  0.0960   38.355865    0.451807
  0.0970   38.416607    0.437419
  0.0980   38.462402    0.422978
  0.0990   38.493351    0.408499
  0.1000   38.509575    0.393997
  0.1010   38.511200    0.379485
  0.1020   38.498371    0.364979
  0.1030   38.471245    0.350493
  0.1040   38.429989    0.336041
  0.1050   38.374786    0.321638
  0.1060   38.305832    0.307296
  0.1070   38.223331    0.293030
  0.1080   38.127499    0.278854
  0.1090   38.018566    0.264780
  0.1100   37.896770    0.250821
  0.1110   37.762360    0.236991
  0.1120   37.615593    0.223301
  0.1130   37.456741    0.209763
  0.1140   37.286079    0.196391
  0.1150   37.103897    0.183195
  0.1160   36.910492    0.170187
  0.1170   36.706165    0.157378
  0.1180   36.491230    0.144778
  0.1190   36.266006    0.132399
  0.1200   36.030819    0.120249
  0.1210   35.786003    0.108340
  0.1220   35.531895    0.096680
  0.1230   35.268841    0.085279
  0.1240   34.997192    0.074146
  0.1250   34.717308    0.063288
  0.1260   34.429543    0.052714
  0.1270   34.134266    0.042431
  0.1280   33.831844    0.032448
  0.1290   33.522648    0.022770
  0.1300   33.207054    0.013404
  0.1310   32.885441    0.004358
  0.1320   32.558186   -0.004365
  0.1330   32.225674   -0.012757
  0.1340   31.888287   -0.020814
  0.1350   31.546408   -0.028532
  0.1360   31.200422   -0.035906
  0.1370   30.850716   -0.042932
  0.1380   30.497673   -0.049606
  0.1390   30.141678   -0.055926
  0.1400   29.783115   -0.061889
  0.1410   29.422367   -0.067492
  0.1420   29.059813   -0.072733
  0.1430   28.695831   -0.077611
  0.1440   28.330799   -0.082124
  0.1450   27.965090   -0.086272
  0.1460   27.599075   -0.090054
  0.1470   27.233122   -0.093470
  0.1480   26.867594   -0.096521
  0.1490   26.502850   -0.099206
  0.1500   26.139244   -0.101527
  0.1510   25.777128   -0.103485
  0.1520   25.416847   -0.105081
  0.1530   25.058741   -0.106319
  0.1540   24.703144   -0.107200
  0.1550   24.350386   -0.107726
  0.1560   24.000790   -0.107902
  0.1570   23.654671   -0.107729
  0.1580   23.312340   -0.107212
  0.1590   22.974100   -0.106355
  0.1600   22.640245   -0.105162
  0.1610   22.311066   -0.103637
  0.1620   21.986841   -0.101786
  0.1630   21.667847   -0.099613
  0.1640   21.354347   -0.097123
  0.1650   21.046598   -0.094323
  0.1660   20.744850   -0.091218
  0.1670   20.449343   -0.087815
  0.1680   20.160309   -0.084119
  0.1690   19.877972   -0.080138
  0.1700   19.602545   -0.075878
  0.1710   19.334232   -0.071345
  0.1720   19.073233   -0.066548
  0.1730   18.819731   -0.061494
  0.1740   18.573906   -0.056190
  0.1750   18.335926   -0.050645
  0.1760   18.105949   -0.044865
  0.1770   17.884125   -0.038859
  0.1780   17.670593   -0.032636
  0.1790   17.465483   -0.026203
  0.1800   17.268915   -0.019570
  0.1810   17.080999   -0.012744
  0.1820   16.901838   -0.005735
  0.1830   16.731522    0.001449
  0.1840   16.570131    0.008799
  0.1850   16.417740    0.016306
  0.1860   16.274408    0.023961
  0.1870   16.140190    0.031754
  0.1880   16.015127    0.039677
  0.1890   15.899253    0.047721
  0.1900   15.792591    0.055876
  0.1910   15.695156    0.064133
  0.1920   15.606954    0.072482
  0.1930   15.527979    0.080916
  0.1940   15.458220    0.089423
  0.1950   15.397653    0.097996
  0.1960   15.346247    0.106625
  0.1970   15.303963    0.115301
  0.1980   15.270751    0.124014
  0.1990   15.246555    0.132756
  0.2000   15.231309    0.141518
  0.2010   15.224938    0.150291
  0.2020   15.227363    0.159065
  0.2030   15.238490    0.167833
  0.2040   15.258224    0.176585
  0.2050   15.286460    0.185314
  0.2060   15.323084    0.194010
  0.2070   15.367976    0.202665
  0.2080   15.421010    0.211271
  0.2090   15.482052    0.219820
  0.2100   15.550961    0.228304
  0.2110   15.627591    0.236716
  0.2120   15.711788    0.245046
  0.2130   15.803394    0.253290
  0.2140   15.902244    0.261437
  0.2150   16.008165    0.269483
  0.2160   16.120985    0.277419
  0.2170   16.240522    0.285238
  0.2180   16.366590    0.292935
  0.2190   16.498999    0.300503
  0.2200   16.637552    0.307935
  0.2210   16.782051    0.315226
  0.2220   16.932295    0.322369
  0.2230   17.088076    0.329360
  0.2240   17.249182    0.336191
  0.2250   17.415401    0.342860
  0.2260   17.586519    0.349359
  0.2270   17.762316    0.355685
  0.2280   17.942570    0.361833
  0.2290   18.127056    0.367798
  0.2300   18.315550    0.373577
  0.2310   18.507824    0.379166
  0.2320   18.703650    0.384561
  0.2330   18.902796    0.389758
  0.2340   19.105032    0.394754
  0.2350   19.310125    0.399547
  0.2360   19.517845    0.404133
  0.2370   19.727957    0.408510
  0.2380   19.940228    0.412676
  0.2390   20.154427    0.416629
  0.2400   20.370319    0.420367
  0.2410   20.587675    0.423888
  0.2420   20.806265    0.427191
  0.2430   21.025856    0.430275
  0.2440   21.246222    0.433139
  0.2450   21.467134    0.435782
  0.2460   21.688370    0.438205
  0.2470   21.909702    0.440406
  0.2480   22.130913    0.442385
  0.2490   22.351782    0.444144
  0.2500   22.572094    0.445682
  0.2510   22.791634    0.447000
  0.2520   23.010191    0.448099
  0.2530   23.227558    0.448980
  0.2540   23.443531    0.449644
  0.2550   23.657909    0.450093
  0.2560   23.870495    0.450329
  0.2570   24.081095    0.450353
  0.2580   24.289518    0.450168
  0.2590   24.495579    0.449775
  0.2600   24.699097    0.449177
  0.2610   24.899893    0.448378
  0.2620   25.097795    0.447378
  0.2630   25.292637    0.446183
  0.2640   25.484255    0.444794
  0.2650   25.672489    0.443216
  0.2660   25.857185    0.441450
  0.2670   26.038197    0.439502
  0.2680   26.215380    0.437375
  0.2690   26.388596    0.435073
  0.2700   26.557711    0.432600
  0.2710   26.722599    0.429959
  0.2720   26.883137    0.427156
  0.2730   27.039209    0.424194
  0.2740   27.190704    0.421079
  0.2750   27.337519    0.417814
  0.2760   27.479551    0.414405
  0.2770   27.616709    0.410857
  0.2780   27.748903    0.407174
  0.2790   27.876053    0.403361
  0.2800   27.998079    0.399423
  0.2810   28.114914    0.395366
  0.2820   28.226492    0.391195
  0.2830   28.332756    0.386915
  0.2840   28.433651    0.382532
  0.2850   28.529131    0.378050
  0.2860   28.619154    0.373475
  0.2870   28.703686    0.368813
  0.2880   28.782698    0.364070
  0.2890   28.856165    0.359250
  0.2900   28.924068    0.354359
  0.2910   28.986399    0.349403
  0.2920   29.043146    0.344388
  0.2930   29.094313    0.339319
  0.2940   29.139900    0.334201
  0.2950   29.179920    0.329041
  0.2960   29.214390    0.323843
  0.2970   29.243328    0.318614
  0.2980   29.266762    0.313359
  0.2990   29.284721    0.308082
  0.3000   29.297245    0.302791
  0.3010   29.304373    0.297490
  0.3020   29.306152    0.292184
  0.3030   29.302635    0.286879
  0.3040   29.293877    0.281580
  0.3050   29.279940    0.276293
  0.3060   29.260887    0.271022
  0.3070   29.236790    0.265773
  0.3080   29.207722    0.260550
  0.3090   29.173761    0.255359
  0.3100   29.134993    0.250204
  0.3110   29.091499    0.245091
  0.3120   29.043373    0.240023
  0.3130   28.990709    0.235005
  0.3140   28.933603    0.230043
  0.3150   28.872156    0.225140
  0.3160   28.806475    0.220300
  0.3170   28.736664    0.215528
  0.3180   28.662834    0.210828
  0.3190   28.585100    0.206204
  0.3200   28.503578    0.201659
  0.3210   28.418386    0.197198
  0.3220   28.329647    0.192824
  0.3230   28.237482    0.188540
  0.3240   28.142019    0.184350
  0.3250   28.043385    0.180257
  0.3260   27.941708    0.176264
  0.3270   27.837122    0.172374
  0.3280   27.729759    0.168591
  0.3290   27.619753    0.164916
  0.3300   27.507240    0.161352
  0.3310   27.392357    0.157902
  0.3320   27.275242    0.154568
  0.3330   27.156034    0.151352
  0.3340   27.034872    0.148257
  0.3350   26.911896    0.145283
  0.3360   26.787247    0.142433
  0.3370   26.661064    0.139709
  0.3380   26.533489    0.137112
  0.3390   26.404663    0.134642
  0.3400   26.274727    0.132303
  0.3410   26.143820    0.130093
  0.3420   26.012083    0.128015
  0.3430   25.879656    0.126069
  0.3440   25.746675    0.124256
  0.3450   25.613281    0.122576
  0.3460   25.479609    0.121030
  0.3470   25.345793    0.119617
  0.3480   25.211971    0.118338
  0.3490   25.078274    0.117193
  0.3500   24.944834    0.116181
  0.3510   24.811783    0.115303
  0.3520   24.679247    0.114558
  0.3530   24.547354    0.113944
  0.3540   24.416229    0.113463
  0.3550   24.285995    0.113112
  0.3560   24.156773    0.112890
  0.3570   24.028679    0.112798
  0.3580   23.901833    0.112833
  0.3590   23.776346    0.112994
  0.3600   23.652330    0.113279
  0.3610   23.529894    0.113689
  0.3620   23.409143    0.114219
  0.3630   23.290182    0.114870
  0.3640   23.173111    0.115638
  0.3650   23.058027    0.116523
  0.3660   22.945026    0.117521
  0.3670   22.834200    0.118632
  0.3680   22.725636    0.119852
  0.3690   22.619419    0.121180
  0.3700   22.515633    0.122613
  0.3710   22.414356    0.124148
  0.3720   22.315666    0.125783
  0.3730   22.219633    0.127516
  0.3740   22.126328    0.129343
  0.3750   22.035814    0.131262
  0.3760   21.948156    0.133270
  0.3770   21.863411    0.135365
  0.3780   21.781635    0.137542
  0.3790   21.702881    0.139800
  0.3800   21.627195    0.142136
  0.3810   21.554623    0.144545
  0.3820   21.485205    0.147025
  0.3830   21.418980    0.149574
  0.3840   21.355982    0.152186
  0.3850   21.296242    0.154860
  0.3860   21.239786    0.157593
  0.3870   21.186638    0.160380
  0.3880   21.136818    0.163218
  0.3890   21.090343    0.166105
  0.3900   21.047226    0.169037
  0.3910   21.007475    0.172009
  0.3920   20.971096    0.175020
  0.3930   20.938093    0.178066
  0.3940   20.908466    0.181143
  0.3950   20.882210    0.184248
  0.3960   20.859316    0.187378
  0.3970   20.839775    0.190528
  0.3980   20.823572    0.193697
  0.3990   20.810692    0.196880
  0.4000   20.801111    0.200074
  0.4010   20.794809    0.203277
  0.4020   20.791759    0.206484
  0.4030   20.791931    0.209692
  0.4040   20.795294    0.212899
  0.4050   20.801811    0.216101
  0.4060   20.811445    0.219294
  0.4070   20.824156    0.222477
  0.4080   20.839901    0.225645
  0.4090   20.858633    0.228796
  0.4100   20.880304    0.231927
  0.4110   20.904863    0.235034
  0.4120   20.932257    0.238116
  0.4130   20.962431    0.241169
  0.4140   20.995327    0.244190
  0.4150   21.030886    0.247177
  0.4160   21.069044    0.250128
  0.4170   21.109739    0.253038
  0.4180   21.152905    0.255907
  0.4190   21.198473    0.258732
  0.4200   21.246376    0.261510
  0.4210   21.296541    0.264238
  0.4220   21.348898    0.266916
  0.4230   21.403370    0.269540
  0.4240   21.459885    0.272108
  0.4250   21.518364    0.274619
  0.4260   21.578730    0.277071
  0.4270   21.640903    0.279461
  0.4280   21.704807    0.281789
  0.4290   21.770359    0.284051
  0.4300   21.837477    0.286247
  0.4310   21.906078    0.288376
  0.4320   21.976080    0.290435
  0.4330   22.047398    0.292423
  0.4340   22.119949    0.294340
  0.4350   22.193649    0.296183
  0.4360   22.268414    0.297952
  0.4370   22.344156    0.299646
  0.4380   22.420794    0.301263
  0.4390   22.498240    0.302804
  0.4400   22.576408    0.304267
  0.4410   22.655216    0.305651
  0.4420   22.734577    0.306956
  0.4430   22.814407    0.308181
  0.4440   22.894623    0.309327
  0.4450   22.975140    0.310392
  0.4460   23.055876    0.311377
  0.4470   23.136747    0.312280
  0.4480   23.217674    0.313103
  0.4490   23.298574    0.313845
  0.4500   23.379366    0.314506
  0.4510   23.459972    0.315086
  0.4520   23.540314    0.315586
  0.4530   23.620314    0.316006
  0.4540   23.699894    0.316346
  0.4550   23.778982    0.316606
  0.4560   23.857502    0.316788
  0.4570   23.935383    0.316891
  0.4580   24.012554    0.316917
  0.4590   24.088943    0.316867
  0.4600   24.164486    0.316740
  0.4610   24.239113    0.316538
  0.4620   24.312759    0.316262
  0.4630   24.385361    0.315913
  0.4640   24.456858    0.315492
  0.4650   24.527187    0.314999
  0.4660   24.596292    0.314438
  0.4670   24.664118    0.313807
  0.4680   24.730608    0.313110
  0.4690   24.795710    0.312347
  0.4700   24.859371    0.311519
  0.4710   24.921545    0.310628
  0.4720   24.982182    0.309676
  0.4730   25.041239    0.308664
  0.4740   25.098673    0.307594
  0.4750   25.154442    0.306468
  0.4760   25.208508    0.305286
  0.4770   25.260832    0.304051
  0.4780   25.311382    0.302765
  0.4790   25.360125    0.301429
  0.4800   25.407028    0.300045
  0.4810   25.452065    0.298616
  0.4820   25.495209    0.297142
  0.4830   25.536436    0.295626
  0.4840   25.575724    0.294070
  0.4850   25.613054    0.292475
  0.4860   25.648407    0.290844
  0.4870   25.681768    0.289179
  0.4880   25.713125    0.287481
  0.4890   25.742466    0.285753
  0.4900   25.769781    0.283997
  0.4910   25.795063    0.282214
  0.4920   25.818308    0.280408
  0.4930   25.839512    0.278578
  0.4940   25.858675    0.276729
  0.4950   25.875797    0.274862
  0.4960   25.890882    0.272978
  0.4970   25.903936    0.271081
  0.4980   25.914967    0.269171
  0.4990   25.923983    0.267251
  0.5000   25.930994    0.265324
  0.5010   25.936014    0.263390
  0.5020   25.939058    0.261452
  0.5030   25.940144    0.259513
  0.5040   25.939287    0.257573
  0.5050   25.936510    0.255635
  0.5060   25.931833    0.253700
  0.5070   25.925282    0.251772
  0.5080   25.916880    0.249850
  0.5090   25.906654    0.247939
  0.5100   25.894634    0.246038
  0.5110   25.880848    0.244150
  0.5120   25.865328    0.242277
  0.5130   25.848106    0.240420
  0.5140   25.829218    0.238581
  0.5150   25.808697    0.236762
  0.5160   25.786581    0.234964
  0.5170   25.762907    0.233189
  0.5180   25.737715    0.231439
  0.5190   25.711044    0.229714
  0.5200   25.682936    0.228017
  0.5210   25.653433    0.226349
  0.5220   25.622580    0.224711
  0.5230   25.590418    0.223104
  0.5240   25.556993    0.221530
  0.5250   25.522354    0.219991
  0.5260   25.486544    0.218486
  0.5270   25.449612    0.217018
  0.5280   25.411604    0.215587
  0.5290   25.372570    0.214195
  0.5300   25.332560    0.212842
  0.5310   25.291620    0.211530
  0.5320   25.249804    0.210259
  0.5330   25.207159    0.209031
  0.5340   25.163738    0.207845
  0.5350   25.119593    0.206704
  0.5360   25.074772    0.205606
  0.5370   25.029327    0.204554
  0.5380   24.983311    0.203548
  0.5390   24.936773    0.202588
  0.5400   24.889767    0.201675
  0.5410   24.842344    0.200808
  0.5420   24.794556    0.199990
  0.5430   24.746450    0.199219
  0.5440   24.698082    0.198497
  0.5450   24.649500    0.197823
  0.5460   24.600756    0.197198
  0.5470   24.551899    0.196622
  0.5480   24.502979    0.196094
  0.5490   24.454046    0.195616
  0.5500   24.405148    0.195186
  0.5510   24.356333    0.194806
  0.5520   24.307648    0.194474
  0.5530   24.259142    0.194190
  0.5540   24.210861    0.193955
  0.5550   24.162851    0.193769
  0.5560   24.115156    0.193630
  0.5570   24.067822    0.193538
  0.5580   24.020891    0.193494
  0.5590   23.974405    0.193496
  0.5600   23.928408    0.193545
  0.5610   23.882940    0.193639
  0.5620   23.838041    0.193779
  0.5630   23.793751    0.193963
  0.5640   23.750105    0.194191
  0.5650   23.707142    0.194462
  0.5660   23.664898    0.194776
  0.5670   23.623407    0.195132
  0.5680   23.582705    0.195529
  0.5690   23.542822    0.195967
  0.5700   23.503792    0.196443
  0.5710   23.465643    0.196959
  0.5720   23.428406    0.197512
  0.5730   23.392107    0.198102
  0.5740   23.356775    0.198727
  0.5750   23.322435    0.199388
  0.5760   23.289110    0.200082
  0.5770   23.256824    0.200809
  0.5780   23.225599    0.201568
  0.5790   23.195456    0.202358
  0.5800   23.166412    0.203177
  0.5810   23.138487    0.204024
  0.5820   23.111696    0.204899
  0.5830   23.086056    0.205801
  0.5840   23.061581    0.206727
  0.5850   23.038282    0.207677
  0.5860   23.016172    0.208650
  0.5870   22.995262    0.209644
  0.5880   22.975559    0.210659
  0.5890   22.957071    0.211693
  0.5900   22.939806    0.212745
  0.5910   22.923767    0.213813
  0.5920   22.908958    0.214897
  0.5930   22.895382    0.215995
  0.5940   22.883039    0.217105
  0.5950   22.871931    0.218228
  0.5960   22.862057    0.219361
  0.5970   22.853413    0.220504
  0.5980   22.845995    0.221654
  0.5990   22.839800    0.222811
  0.6000   22.834820    0.223974
  0.6010   22.831049    0.225141
  0.6020   22.828478    0.226311
  0.6030   22.827099    0.227484
  0.6040   22.826900    0.228657
  0.6050   22.827871    0.229830
  0.6060   22.829998    0.231001
  0.6070   22.833267    0.232169
  0.6080   22.837666    0.233334
  0.6090   22.843176    0.234493
  0.6100   22.849783    0.235647
  0.6110   22.857468    0.236794
  0.6120   22.866213    0.237932
  0.6130   22.875999    0.239061
  0.6140   22.886806    0.240179
  0.6150   22.898615    0.241287
  0.6160   22.911402    0.242382
  0.6170   22.925144    0.243464
  0.6180   22.939819    0.244531
  0.6190   22.955402    0.245584
  0.6200   22.971870    0.246620
  0.6210   22.989197    0.247640
  0.6220   23.007357    0.248642
  0.6230   23.026323    0.249625
  0.6240   23.046070    0.250589
  0.6250   23.066570    0.251532
  0.6260   23.087795    0.252455
  0.6270   23.109716    0.253357
  0.6280   23.132305    0.254236
  0.6290   23.155533    0.255092
  0.6300   23.179369    0.255924
  0.6310   23.203785    0.256733
  0.6320   23.228750    0.257517
  0.6330   23.254234    0.258275
  0.6340   23.280207    0.259008
  0.6350   23.306637    0.259715
  0.6360   23.333494    0.260395
  0.6370   23.360746    0.261047
  0.6380   23.388363    0.261673
  0.6390   23.416313    0.262271
  0.6400   23.444567    0.262840
  0.6410   23.473091    0.263381
  0.6420   23.501856    0.263894
  0.6430   23.530830    0.264378
  0.6440   23.559984    0.264832
  0.6450   23.589285    0.265258
  0.6460   23.618704    0.265654
  0.6470   23.648209    0.266020
  0.6480   23.677771    0.266357
  0.6490   23.707357    0.266665
  0.6500   23.736942    0.266942
  0.6510   23.766495    0.267191
  0.6520   23.795984    0.267409
  0.6530   23.825384    0.267599
  0.6540   23.854666    0.267759
  0.6550   23.883801    0.267889
  0.6560   23.912760    0.267991
  0.6570   23.941519    0.268064
  0.6580   23.970049    0.268108
  0.6590   23.998325    0.268124
  0.6600   24.026321    0.268112
  0.6610   24.054014    0.268071
  0.6620   24.081377    0.268004
  0.6630   24.108387    0.267909
  0.6640   24.135019    0.267787
  0.6650   24.161253    0.267639
  0.6660   24.187065    0.267465
  0.6670   24.212435    0.267265
  0.6680   24.237341    0.267040
  0.6690   24.261763    0.266790
  0.6700   24.285681    0.266517
  0.6710   24.309076    0.266219
  0.6720   24.331932    0.265899
  0.6730   24.354229    0.265556
  0.6740   24.375952    0.265190
  0.6750   24.397085    0.264804
  0.6760   24.417612    0.264396
  0.6770   24.437521    0.263969
  0.6780   24.456795    0.263522
  0.6790   24.475424    0.263055
  0.6800   24.493393    0.262571
  0.6810   24.510693    0.262069
  0.6820   24.527313    0.261550
  0.6830   24.543243    0.261014
  0.6840   24.558474    0.260464
  0.6850   24.572998    0.259898
  0.6860   24.586807    0.259318
  0.6870   24.599895    0.258724
  0.6880   24.612257    0.258118
  0.6890   24.623886    0.257500
  0.6900   24.634779    0.256871
  0.6910   24.644932    0.256231
  0.6920   24.654341    0.255581
  0.6930   24.663006    0.254922
  0.6940   24.670925    0.254255
  0.6950   24.678099    0.253581
  0.6960   24.684526    0.252899
  0.6970   24.690208    0.252212
  0.6980   24.695147    0.251519
  0.6990   24.699345    0.250822
  0.7000   24.702805    0.250121
  0.7010   24.705532    0.249417
  0.7020   24.707529    0.248710
  0.7030   24.708803    0.248002
  0.7040   24.709358    0.247293
  0.7050   24.709202    0.246583
  0.7060   24.708342    0.245874
  0.7070   24.706785    0.245167
  0.7080   24.704542    0.244461
  0.7090   24.701620    0.243758
  0.7100   24.698029    0.243058
  0.7110   24.693779    0.242362
  0.7120   24.688881    0.241671
  0.7130   24.683346    0.240985
  0.7140   24.677187    0.240304
  0.7150   24.670416    0.239630
  0.7160   24.663044    0.238964
  0.7170   24.655087    0.238304
  0.7180   24.646557    0.237654
  0.7190   24.637468    0.237012
  0.7200   24.627836    0.236379
  0.7210   24.617674    0.235756
  0.7220   24.606998    0.235144
  0.7230   24.595825    0.234542
  0.7240   24.584171    0.233952
  0.7250   24.572052    0.233374
  0.7260   24.559484    0.232808
  0.7270   24.546484    0.232255
  0.7280   24.533070    0.231715
  0.7290   24.519258    0.231189
  0.7300   24.505068    0.230677
  0.7310   24.490517    0.230179
  0.7320   24.475622    0.229696
  0.7330   24.460403    0.229228
  0.7340   24.444878    0.228775
  0.7350   24.429064    0.228338
  0.7360   24.412979    0.227917
  0.7370   24.396645    0.227512
  0.7380   24.380077    0.227124
  0.7390   24.363297    0.226752
  0.7400   24.346321    0.226398
  0.7410   24.329170    0.226060
  0.7420   24.311863    0.225739
  0.7430   24.294418    0.225436
  0.7440   24.276854    0.225150
  0.7450   24.259188    0.224882
  0.7460   24.241440    0.224632
  0.7470   24.223629    0.224400
  0.7480   24.205772    0.224185
  0.7490   24.187889    0.223988
  0.7500   24.169996    0.223809
  0.7510   24.152113    0.223648
  0.7520   24.134256    0.223505
  0.7530   24.116444    0.223380
  0.7540   24.098692    0.223272
  0.7550   24.081018    0.223182
  0.7560   24.063440    0.223110
  0.7570   24.045975    0.223055
  0.7580   24.028637    0.223018
  0.7590   24.011442    0.222998
  0.7600   23.994408    0.222995
  0.7610   23.977549    0.223009
  0.7620   23.960880    0.223040
  0.7630   23.944416    0.223087
  0.7640   23.928171    0.223151
  0.7650   23.912159    0.223231
  0.7660   23.896393    0.223326
  0.7670   23.880888    0.223438
  0.7680   23.865656    0.223565
  0.7690   23.850708    0.223706
  0.7700   23.836058    0.223863
  0.7710   23.821716    0.224034
  0.7720   23.807695    0.224220
  0.7730   23.794004    0.224419
  0.7740   23.780655    0.224631
  0.7750   23.767656    0.224857
  0.7760   23.755018    0.225096
  0.7770   23.742750    0.225347
  0.7780   23.730860    0.225610
  0.7790   23.719357    0.225885
  0.7800   23.708246    0.226172
  0.7810   23.697536    0.226469
  0.7820   23.687235    0.226776
  0.7830   23.677347    0.227094
  0.7840   23.667879    0.227422
  0.7850   23.658834    0.227758
  0.7860   23.650219    0.228104
  0.7870   23.642038    0.228458
  0.7880   23.634295    0.228819
  0.7890   23.626991    0.229189
  0.7900   23.620132    0.229565
  0.7910   23.613720    0.229948
  0.7920   23.607756    0.230338
  0.7930   23.602242    0.230733
  0.7940   23.597178    0.231133
  0.7950   23.592564    0.231538
  0.7960   23.588402    0.231948
  0.7970   23.584690    0.232361
  0.7980   23.581429    0.232778
  0.7990   23.578617    0.233198
  0.8000   23.576252    0.233621
  0.8010   23.574333    0.234046
  0.8020   23.572857    0.234472
  0.8030   23.571819    0.234900
  0.8040   23.571218    0.235328
  0.8050   23.571051    0.235757
  0.8060   23.571310    0.236186
  0.8070   23.571995    0.236614
  0.8080   23.573097    0.237042
  0.8090   23.574614    0.237468
  0.8100   23.576538    0.237893
  0.8110   23.578865    0.238315
  0.8120   23.581589    0.238735
  0.8130   23.584702    0.239152
  0.8140   23.588196    0.239565
  0.8150   23.592066    0.239975
  0.8160   23.596302    0.240381
  0.8170   23.600899    0.240782
  0.8180   23.605846    0.241179
  0.8190   23.611137    0.241571
  0.8200   23.616762    0.241957
  0.8210   23.622713    0.242337
  0.8220   23.628979    0.242711
  0.8230   23.635551    0.243079
  0.8240   23.642422    0.243440
  0.8250   23.649580    0.243794
  0.8260   23.657015    0.244141
  0.8270   23.664717    0.244480
  0.8280   23.672676    0.244811
  0.8290   23.680882    0.245134
  0.8300   23.689323    0.245449
  0.8310   23.697990    0.245756
  0.8320   23.706871    0.246053
  0.8330   23.715956    0.246342
  0.8340   23.725233    0.246621
  0.8350   23.734692    0.246891
  0.8360   23.744320    0.247152
  0.8370   23.754107    0.247403
  0.8380   23.764040    0.247644
  0.8390   23.774109    0.247875
  0.8400   23.784302    0.248095
  0.8410   23.794609    0.248306
  0.8420   23.805017    0.248506
  0.8430   23.815517    0.248696
  0.8440   23.826096    0.248875
  0.8450   23.836742    0.249044
  0.8460   23.847445    0.249202
  0.8470   23.858192    0.249349
  0.8480   23.868975    0.249485
  0.8490   23.879780    0.249611
  0.8500   23.890596    0.249726
  0.8510   23.901415    0.249830
  0.8520   23.912224    0.249923
  0.8530   23.923012    0.250005
  0.8540   23.933769    0.250077
  0.8550   23.944487    0.250138
  0.8560   23.955153    0.250188
  0.8570   23.965755    0.250227
  0.8580   23.976288    0.250256
  0.8590   23.986738    0.250275
  0.8600   23.997099    0.250283
  0.8610   24.007359    0.250281
  0.8620   24.017509    0.250268
  0.8630   24.027542    0.250246
  0.8640   24.037447    0.250213
  0.8650   24.047216    0.250171
  0.8660   24.056841    0.250119
  0.8670   24.066313    0.250057
  0.8680   24.075624    0.249986
  0.8690   24.084768    0.249906
  0.8700   24.093739    0.249817
  0.8710   24.102526    0.249719
  0.8720   24.111124    0.249612
  0.8730   24.119526    0.249496
  0.8740   24.127726    0.249373
  0.8750   24.135715    0.249241
  0.8760   24.143492    0.249101
  0.8770   24.151047    0.248954
  0.8780   24.158377    0.248799
  0.8790   24.165476    0.248637
  0.8800   24.172340    0.248468
  0.8810   24.178965    0.248293
  0.8820   24.185345    0.248111
  0.8830   24.191477    0.247922
  0.8840   24.197357    0.247728
  0.8850   24.202984    0.247527
  0.8860   24.208351    0.247322
  0.8870   24.213459    0.247111
  0.8880   24.218304    0.246895
  0.8890   24.222883    0.246674
  0.8900   24.227196    0.246449
  0.8910   24.231237    0.246220
  0.8920   24.235010    0.245987
  0.8930   24.238512    0.245750
  0.8940   24.241741    0.245510
  0.8950   24.244698    0.245267
  0.8960   24.247381    0.245021
  0.8970   24.249792    0.244772
  0.8980   24.251930    0.244521
  0.8990   24.253796    0.244268
  0.9000   24.255390    0.244014
  0.9010   24.256716    0.243758
  0.9020   24.257772    0.243500
  0.9030   24.258562    0.243242
  0.9040   24.259087    0.242983
  0.9050   24.259348    0.242724
  0.9060   24.259348    0.242465
  0.9070   24.259090    0.242205
  0.9080   24.258577    0.241947
  0.9090   24.257812    0.241688
  0.9100   24.256800    0.241431
  0.9110   24.255541    0.241175
  0.9120   24.254040    0.240920
  0.9130   24.252300    0.240667
  0.9140   24.250328    0.240416
  0.9150   24.248127    0.240166
  0.9160   24.245701    0.239919
  0.9170   24.243053    0.239675
  0.9180   24.240191    0.239433
  0.9190   24.237118    0.239195
  0.9200   24.233839    0.238959
  0.9210   24.230360    0.238727
  0.9220   24.226686    0.238498
  0.9230   24.222824    0.238274
  0.9240   24.218779    0.238053
  0.9250   24.214556    0.237836
  0.9260   24.210161    0.237624
  0.9270   24.205603    0.237416
  0.9280   24.200884    0.237213
  0.9290   24.196012    0.237014
  0.9300   24.190994    0.236821
  0.9310   24.185837    0.236632
  0.9320   24.180546    0.236449
  0.9330   24.175127    0.236271
  0.9340   24.169588    0.236099
  0.9350   24.163935    0.235932
  0.9360   24.158175    0.235771
  0.9370   24.152315    0.235616
  0.9380   24.146362    0.235466
  0.9390   24.140324    0.235323
  0.9400   24.134205    0.235186
  0.9410   24.128014    0.235055
  0.9420   24.121756    0.234930
  0.9430   24.115440    0.234811
  0.9440   24.109072    0.234699
  0.9450   24.102659    0.234593
  0.9460   24.096209    0.234494
  0.9470   24.089725    0.234401
  0.9480   24.083218    0.234314
  0.9490   24.076693    0.234234
  0.9500   24.070156    0.234161
  0.9510   24.063614    0.234094
  0.9520   24.057074    0.234034
  0.9530   24.050541    0.233980
  0.9540   24.044024    0.233933
  0.9550   24.037527    0.233892
  0.9560   24.031057    0.233857
  0.9570   24.024622    0.233830
  0.9580   24.018227    0.233808
  0.9590   24.011877    0.233793
  0.9600   24.005579    0.233784
  0.9610   23.999336    0.233782
  0.9620   23.993156    0.233786
  0.9630   23.987045    0.233796
  0.9640   23.981009    0.233812
  0.9650   23.975050    0.233834
  0.9660   23.969175    0.233861
  0.9670   23.963390    0.233895
  0.9680   23.957699    0.233935
  0.9690   23.952106    0.233980
  0.9700   23.946617    0.234030
  0.9710   23.941236    0.234086
  0.9720   23.935966    0.234148
  0.9730   23.930813    0.234215
  0.9740   23.925779    0.234286
  0.9750   23.920870    0.234363
  0.9760   23.916088    0.234444
  0.9770   23.911438    0.234531
  0.9780   23.906921    0.234622
  0.9790   23.902542    0.234717
  0.9800   23.898304    0.234816
  0.9810   23.894209    0.234920
  0.9820   23.890261    0.235028
  0.9830   23.886461    0.235140
  0.9840   23.882812    0.235255
  0.9850   23.879316    0.235374
  0.9860   23.875975    0.235496
  0.9870   23.872789    0.235622
  0.9880   23.869762    0.235751
  0.9890   23.866896    0.235882
  0.9900   23.864189    0.236017
  0.9910   23.861645    0.236154
  0.9920   23.859264    0.236293
  0.9930   23.857048    0.236435
  0.9940   23.854996    0.236579
  0.9950   23.853107    0.236725
  0.9960   23.851383    0.236873
  0.9970   23.849825    0.237022
  0.9980   23.848431    0.237173
  0.9990   23.847202    0.237326
  1.0000   23.846138    0.237479
  1.0010   23.845238    0.237633
  1.0020   23.844500    0.237788
  1.0030   23.843924    0.237944
  1.0040   23.843510    0.238100
  1.0050   23.843254    0.238257
  1.0060   23.843157    0.238414
  1.0070   23.843218    0.238571
  1.0080   23.843433    0.238727
  1.0090   23.843803    0.238884
  1.0100   23.844324    0.239040
  1.0110   23.844995    0.239195
  1.0120   23.845814    0.239350
  1.0130   23.846777    0.239503
  1.0140   23.847883    0.239656
  1.0150   23.849131    0.239808
  1.0160   23.850515    0.239958
  1.0170   23.852036    0.240107
  1.0180   23.853687    0.240254
  1.0190   23.855469    0.240399
  1.0200   23.857376    0.240543
  1.0210   23.859406    0.240684
  1.0220   23.861555    0.240824
  1.0230   23.863821    0.240961
  1.0240   23.866199    0.241096
  1.0250   23.868689    0.241229
  1.0260   23.871283    0.241359
  1.0270   23.873980    0.241486
  1.0280   23.876774    0.241611
  1.0290   23.879663    0.241733
  1.0300   23.882645    0.241851
  1.0310   23.885712    0.241967
  1.0320   23.888863    0.242080
  1.0330   23.892094    0.242190
  1.0340   23.895399    0.242296
  1.0350   23.898775    0.242399
  1.0360   23.902220    0.242498
  1.0370   23.905727    0.242594
  1.0380   23.909292    0.242687
  1.0390   23.912912    0.242776
  1.0400   23.916584    0.242861
  1.0410   23.920301    0.242942
  1.0420   23.924061    0.243020
  1.0430   23.927858    0.243094
  1.0440   23.931690    0.243165
  1.0450   23.935553    0.243231
  1.0460   23.939440    0.243293
  1.0470   23.943350    0.243352
  1.0480   23.947277    0.243407
  1.0490   23.951218    0.243457
  1.0500   23.955168    0.243504
  1.0510   23.959122    0.243547
  1.0520   23.963078    0.243586
  1.0530   23.967031    0.243621
  1.0540   23.970978    0.243652
  1.0550   23.974915    0.243679
  1.0560   23.978836    0.243702
  1.0570   23.982740    0.243721
  1.0580   23.986624    0.243737
  1.0590   23.990480    0.243748
  1.0600   23.994308    0.243756
  1.0610   23.998104    0.243760
  1.0620   24.001863    0.243760
  1.0630   24.005585    0.243756
  1.0640   24.009262    0.243748
  1.0650   24.012894    0.243737
  1.0660   24.016478    0.243723
  1.0670   24.020008    0.243704
  1.0680   24.023485    0.243683
  1.0690   24.026903    0.243657
  1.0700   24.030260    0.243629
  1.0710   24.033554    0.243597
  1.0720   24.036781    0.243562
  1.0730   24.039940    0.243523
  1.0740   24.043028    0.243482
  1.0750   24.046041    0.243437
  1.0760   24.048981    0.243390
  1.0770   24.051842    0.243339
  1.0780   24.054623    0.243286
  1.0790   24.057322    0.243230
  1.0800   24.059937    0.243172
  1.0810   24.062466    0.243110
  1.0820   24.064907    0.243047
  1.0830   24.067261    0.242981
  1.0840   24.069523    0.242912
  1.0850   24.071693    0.242842
  1.0860   24.073771    0.242769
  1.0870   24.075754    0.242694
  1.0880   24.077642    0.242617
  1.0890   24.079435    0.242539
  1.0900   24.081131    0.242459
  1.0910   24.082729    0.242377
  1.0920   24.084229    0.242293
  1.0930   24.085630    0.242208
  1.0940   24.086933    0.242122
  1.0950   24.088137    0.242034
  1.0960   24.089239    0.241946
  1.0970   24.090242    0.241856
  1.0980   24.091146    0.241765
  1.0990   24.091949    0.241674
  1.1000   24.092653    0.241581
  1.1010   24.093258    0.241488
  1.1020   24.093765    0.241395
  1.1030   24.094173    0.241301
  1.1040   24.094484    0.241206
  1.1050   24.094698    0.241112
  1.1060   24.094814    0.241017
  1.1070   24.094835    0.240922
  1.1080   24.094763    0.240827
  1.1090   24.094597    0.240733
  1.1100   24.094337    0.240638
  1.1110   24.093987    0.240544
  1.1120   24.093546    0.240450
  1.1130   24.093018    0.240357
  1.1140   24.092402    0.240264
  1.1150   24.091700    0.240172
  1.1160   24.090914    0.240081
  1.1170   24.090044    0.239991
  1.1180   24.089094    0.239901
  1.1190   24.088064    0.239812
  1.1200   24.086958    0.239725
  1.1210   24.085775    0.239638
  1.1220   24.084520    0.239553
  1.1230   24.083193    0.239469
  1.1240   24.081797    0.239387
  1.1250   24.080332    0.239306
  1.1260   24.078802    0.239226
  1.1270   24.077209    0.239148
  1.1280   24.075556    0.239072
  1.1290   24.073843    0.238997
  1.1300   24.072075    0.238924
  1.1310   24.070251    0.238853
  1.1320   24.068377    0.238784
  1.1330   24.066452    0.238716
  1.1340   24.064480    0.238651
  1.1350   24.062464    0.238587
  1.1360   24.060406    0.238526
  1.1370   24.058308    0.238467
  1.1380   24.056173    0.238409
  1.1390   24.054005    0.238354
  1.1400   24.051804    0.238301
  1.1410   24.049572    0.238251
  1.1420   24.047314    0.238202
  1.1430   24.045031    0.238156
  1.1440   24.042727    0.238112
  1.1450   24.040401    0.238071
  1.1460   24.038059    0.238031
  1.1470   24.035704    0.237994
  1.1480   24.033335    0.237960
  1.1490   24.030956    0.237928
  1.1500   24.028572    0.237898
  1.1510   24.026182    0.237871
  1.1520   24.023790    0.237846
  1.1530   24.021399    0.237823
  1.1540   24.019009    0.237803
  1.1550   24.016624    0.237785
  1.1560   24.014248    0.237770
  1.1570   24.011881    0.237757
  1.1580   24.009525    0.237746
  1.1590   24.007183    0.237737
  1.1600   24.004858    0.237731
  1.1610   24.002550    0.237728
  1.1620   24.000263    0.237726
  1.1630   23.997999    0.237727
  1.1640   23.995760    0.237730
  1.1650   23.993546    0.237736
  1.1660   23.991360    0.237743
  1.1670   23.989204    0.237753
  1.1680   23.987082    0.237765
  1.1690   23.984993    0.237779
  1.1700   23.982941    0.237795
  1.1710   23.980925    0.237813
  1.1720   23.978949    0.237833
  1.1730   23.977013    0.237855
  1.1740   23.975119    0.237879
  1.1750   23.973269    0.237905
  1.1760   23.971464    0.237932
  1.1770   23.969706    0.237962
  1.1780   23.967995    0.237993
  1.1790   23.966331    0.238026
  1.1800   23.964720    0.238060
  1.1810   23.963160    0.238096
  1.1820   23.961651    0.238134
  1.1830   23.960196    0.238173
  1.1840   23.958794    0.238214
  1.1850   23.957447    0.238255
  1.1860   23.956156    0.238299
  1.1870   23.954922    0.238343
  1.1880   23.953745    0.238389
  1.1890   23.952625    0.238436
  1.1900   23.951565    0.238484
  1.1910   23.950562    0.238532
  1.1920   23.949617    0.238582
  1.1930   23.948734    0.238633
  1.1940   23.947910    0.238685
  1.1950   23.947145    0.238737
  1.1960   23.946442    0.238791
  1.1970   23.945799    0.238844
  1.1980   23.945215    0.238899
  1.1990   23.944693    0.238954
  1.2000   23.944229    0.239010
  1.2010   23.943827    0.239065
  1.2020   23.943483    0.239122
  1.2030   23.943201    0.239179
  1.2040   23.942978    0.239235
  1.2050   23.942814    0.239293
  1.2060   23.942707    0.239350
  1.2070   23.942659    0.239407
  1.2080   23.942669    0.239464
  1.2090   23.942736    0.239522
  1.2100   23.942858    0.239579
  1.2110   23.943035    0.239636
  1.2120   23.943268    0.239693
  1.2130   23.943556    0.239749
  1.2140   23.943895    0.239806
  1.2150   23.944288    0.239862
  1.2160   23.944733    0.239917
  1.2170   23.945229    0.239972
  1.2180   23.945772    0.240027
  1.2190   23.946365    0.240081
  1.2200   23.947006    0.240134
  1.2210   23.947693    0.240187
  1.2220   23.948425    0.240239
  1.2230   23.949202    0.240290
  1.2240   23.950020    0.240340
  1.2250   23.950880    0.240390
  1.2260   23.951780    0.240438
  1.2270   23.952721    0.240486
  1.2280   23.953699    0.240533
  1.2290   23.954714    0.240579
  1.2300   23.955763    0.240623
  1.2310   23.956844    0.240667
  1.2320   23.957958    0.240710
  1.2330   23.959103    0.240751
  1.2340   23.960278    0.240792
  1.2350   23.961479    0.240831
  1.2360   23.962708    0.240869
  1.2370   23.963961    0.240905
  1.2380   23.965239    0.240941
  1.2390   23.966537    0.240975
  1.2400   23.967857    0.241008
  1.2410   23.969196    0.241039
  1.2420   23.970552    0.241069
  1.2430   23.971924    0.241098
  1.2440   23.973309    0.241125
  1.2450   23.974707    0.241151
  1.2460   23.976116    0.241176
  1.2470   23.977535    0.241199
  1.2480   23.978962    0.241221
  1.2490   23.980396    0.241241
  1.2500   23.981836    0.241260
  1.2510   23.983280    0.241277
  1.2520   23.984726    0.241293
  1.2530   23.986172    0.241308
  1.2540   23.987617    0.241321
  1.2550   23.989061    0.241333
  1.2560   23.990501    0.241343
  1.2570   23.991938    0.241352
  1.2580   23.993366    0.241359
  1.2590   23.994787    0.241365
  1.2600   23.996201    0.241370
  1.2610   23.997602    0.241373
  1.2620   23.998993    0.241374
  1.2630   24.000370    0.241375
  1.2640   24.001734    0.241374
  1.2650   24.003082    0.241371
  1.2660   24.004414    0.241367
  1.2670   24.005728    0.241362
  1.2680   24.007023    0.241356
  1.2690   24.008299    0.241348
  1.2700   24.009554    0.241339
  1.2710   24.010786    0.241329
  1.2720   24.011995    0.241318
  1.2730   24.013182    0.241305
  1.2740   24.014343    0.241291
  1.2750   24.015478    0.241277
  1.2760   24.016586    0.241261
  1.2770   24.017668    0.241243
  1.2780   24.018721    0.241225
  1.2790   24.019745    0.241206
  1.2800   24.020739    0.241186
  1.2810   24.021702    0.241164
  1.2820   24.022635    0.241142
  1.2830   24.023535    0.241119
  1.2840   24.024403    0.241095
  1.2850   24.025238    0.241070
  1.2860   24.026039    0.241045
  1.2870   24.026806    0.241018
  1.2880   24.027538    0.240991
  1.2890   24.028236    0.240963
  1.2900   24.028900    0.240935
  1.2910   24.029528    0.240906
  1.2920   24.030121    0.240876
  1.2930   24.030678    0.240845
  1.2940   24.031199    0.240814
  1.2950   24.031683    0.240783
  1.2960   24.032131    0.240751
  1.2970   24.032543    0.240719
  1.2980   24.032919    0.240686
  1.2990   24.033257    0.240653
  1.3000   24.033558    0.240619
  1.3010   24.033823    0.240586
  1.3020   24.034052    0.240552
  1.3030   24.034245    0.240518
  1.3040   24.034401    0.240483
  1.3050   24.034523    0.240449
  1.3060   24.034609    0.240414
  1.3070   24.034660    0.240380
  1.3080   24.034676    0.240345
  1.3090   24.034657    0.240310
  1.3100   24.034603    0.240276
  1.3110   24.034515    0.240241
  1.3120   24.034395    0.240207
  1.3130   24.034241    0.240172
  1.3140   24.034054    0.240138
  1.3150   24.033836    0.240104
  1.3160   24.033587    0.240071
  1.3170   24.033306    0.240037
  1.3180   24.032995    0.240004
  1.3190   24.032654    0.239971
  1.3200   24.032284    0.239939
  1.3210   24.031885    0.239907
  1.3220   24.031460    0.239875
  1.3230   24.031006    0.239844
  1.3240   24.030527    0.239813
  1.3250   24.030022    0.239783
  1.3260   24.029491    0.239753
  1.3270   24.028938    0.239724
  1.3280   24.028360    0.239695
  1.3290   24.027761    0.239667
  1.3300   24.027140    0.239639
  1.3310   24.026497    0.239613
  1.3320   24.025835    0.239586
  1.3330   24.025154    0.239561
  1.3340   24.024454    0.239536
  1.3350   24.023737    0.239512
  1.3360   24.023003    0.239489
  1.3370   24.022253    0.239466
  1.3380   24.021490    0.239444
  1.3390   24.020712    0.239423
  1.3400   24.019922    0.239403
  1.3410   24.019119    0.239383
  1.3420   24.018307    0.239365
  1.3430   24.017483    0.239347
  1.3440   24.016649    0.239330
  1.3450   24.015808    0.239313
  1.3460   24.014959    0.239298
  1.3470   24.014105    0.239283
  1.3480   24.013245    0.239270
  1.3490   24.012381    0.239257
  1.3500   24.011513    0.239245
  1.3510   24.010641    0.239234
  1.3520   24.009768    0.239224
  1.3530   24.008894    0.239214
  1.3540   24.008020    0.239206
  1.3550   24.007147    0.239198
  1.3560   24.006275    0.239192
  1.3570   24.005405    0.239186
  1.3580   24.004539    0.239181
  1.3590   24.003677    0.239177
  1.3600   24.002819    0.239173
  1.3610   24.001966    0.239171
  1.3620   24.001122    0.239169
  1.3630   24.000284    0.239169
  1.3640   23.999454    0.239169
  1.3650   23.998632    0.239170
  1.3660   23.997822    0.239172
  1.3670   23.997021    0.239174
  1.3680   23.996231    0.239178
  1.3690   23.995453    0.239182
  1.3700   23.994686    0.239187
  1.3710   23.993933    0.239192
  1.3720   23.993193    0.239199
  1.3730   23.992466    0.239206
  1.3740   23.991755    0.239214
  1.3750   23.991058    0.239222
  1.3760   23.990377    0.239232
  1.3770   23.989714    0.239242
  1.3780   23.989067    0.239252
  1.3790   23.988438    0.239264
  1.3800   23.987825    0.239275
  1.3810   23.987232    0.239288
  1.3820   23.986658    0.239301
  1.3830   23.986101    0.239315
  1.3840   23.985565    0.239329
  1.3850   23.985048    0.239343
  1.3860   23.984550    0.239359
  1.3870   23.984074    0.239374
  1.3880   23.983618    0.239391
  1.3890   23.983183    0.239407
  1.3900   23.982769    0.239424
  1.3910   23.982376    0.239442
  1.3920   23.982004    0.239459
  1.3930   23.981655    0.239478
  1.3940   23.981327    0.239496
  1.3950   23.981020    0.239515
  1.3960   23.980736    0.239534
  1.3970   23.980473    0.239553
  1.3980   23.980232    0.239573
  1.3990   23.980015    0.239593
  1.4000   23.979818    0.239613
  1.4010   23.979645    0.239633
  1.4020   23.979492    0.239654
  1.4030   23.979362    0.239674
  1.4040   23.979254    0.239695
  1.4050   23.979168    0.239716
  1.4060   23.979103    0.239737
  1.4070   23.979059    0.239758
  1.4080   23.979036    0.239779
  1.4090   23.979034    0.239799
  1.4100   23.979053    0.239820
  1.4110   23.979094    0.239841
  1.4120   23.979155    0.239862
  1.4130   23.979235    0.239883
  1.4140   23.979336    0.239904
  1.4150   23.979456    0.239924
  1.4160   23.979595    0.239945
  1.4170   23.979753    0.239965
  1.4180   23.979931    0.239985
  1.4190   23.980125    0.240005
  1.4200   23.980339    0.240025
  1.4210   23.980570    0.240045
  1.4220   23.980818    0.240064
  1.4230   23.981081    0.240083
  1.4240   23.981361    0.240102
  1.4250   23.981657    0.240120
  1.4260   23.981968    0.240138
  1.4270   23.982294    0.240156
  1.4280   23.982635    0.240174
  1.4290   23.982990    0.240191
  1.4300   23.983358    0.240208
  1.4310   23.983740    0.240224
  1.4320   23.984133    0.240240
  1.4330   23.984537    0.240256
  1.4340   23.984953    0.240271
  1.4350   23.985380    0.240286
  1.4360   23.985817    0.240301
  1.4370   23.986263    0.240314
  1.4380   23.986719    0.240328
  1.4390   23.987185    0.240341
  1.4400   23.987658    0.240354
  1.4410   23.988138    0.240366
  1.4420   23.988626    0.240377
  1.4430   23.989120    0.240388
  1.4440   23.989620    0.240399
  1.4450   23.990126    0.240409
  1.4460   23.990637    0.240419
  1.4470   23.991152    0.240428
  1.4480   23.991671    0.240437
  1.4490   23.992191    0.240445
  1.4500   23.992716    0.240452
  1.4510   23.993242    0.240459
  1.4520   23.993771    0.240466
  1.4530   23.994299    0.240472
  1.4540   23.994827    0.240477
  1.4550   23.995356    0.240482
  1.4560   23.995884    0.240486
  1.4570   23.996410    0.240490
  1.4580   23.996935    0.240494
  1.4590   23.997458    0.240496
  1.4600   23.997978    0.240499
  1.4610   23.998495    0.240500
  1.4620   23.999008    0.240502
  1.4630   23.999517    0.240502
  1.4640   24.000023    0.240503
  1.4650   24.000523    0.240502
  1.4660   24.001017    0.240502
  1.4670   24.001505    0.240500
  1.4680   24.001987    0.240499
  1.4690   24.002462    0.240496
  1.4700   24.002930    0.240494
  1.4710   24.003389    0.240490
  1.4720   24.003841    0.240487
  1.4730   24.004286    0.240483
  1.4740   24.004721    0.240478
  1.4750   24.005148    0.240473
  1.4760   24.005566    0.240468
  1.4770   24.005974    0.240462
  1.4780   24.006371    0.240456
  1.4790   24.006758    0.240449
  1.4800   24.007133    0.240443
  1.4810   24.007500    0.240435
  1.4820   24.007854    0.240428
  1.4830   24.008198    0.240420
  1.4840   24.008530    0.240411
  1.4850   24.008850    0.240402
  1.4860   24.009157    0.240393
  1.4870   24.009453    0.240384
  1.4880   24.009737    0.240375
  1.4890   24.010008    0.240365
  1.4900   24.010265    0.240355
  1.4910   24.010511    0.240344
  1.4920   24.010744    0.240334
  1.4930   24.010963    0.240323
  1.4940   24.011169    0.240312
  1.4950   24.011362    0.240300
  1.4960   24.011541    0.240289
  1.4970   24.011707    0.240277
  1.4980   24.011862    0.240265
  1.4990   24.012003    0.240254
  1.5000   24.012131    0.240241
  1.5010   24.012245    0.240229
  1.5020   24.012346    0.240217
  1.5030   24.012434    0.240205
  1.5040   24.012508    0.240192
  1.5050   24.012569    0.240180
  1.5060   24.012617    0.240167
  1.5070   24.012651    0.240154
  1.5080   24.012672    0.240142
  1.5090   24.012680    0.240129
  1.5100   24.012676    0.240116
  1.5110   24.012659    0.240104
  1.5120   24.012630    0.240091
  1.5130   24.012589    0.240078
  1.5140   24.012535    0.240066
  1.5150   24.012470    0.240053
  1.5160   24.012394    0.240041
  1.5170   24.012304    0.240029
  1.5180   24.012205    0.240016
  1.5190   24.012094    0.240004
  1.5200   24.011972    0.239992
  1.5210   24.011839    0.239980
  1.5220   24.011696    0.239968
  1.5230   24.011541    0.239957
  1.5240   24.011377    0.239945
  1.5250   24.011204    0.239934
  1.5260   24.011021    0.239923
  1.5270   24.010828    0.239912
  1.5280   24.010628    0.239901
  1.5290   24.010418    0.239891
  1.5300   24.010201    0.239880
  1.5310   24.009975    0.239870
  1.5320   24.009743    0.239861
  1.5330   24.009502    0.239851
  1.5340   24.009254    0.239842
  1.5350   24.009001    0.239832
  1.5360   24.008739    0.239824
  1.5370   24.008472    0.239815
  1.5380   24.008200    0.239807
  1.5390   24.007921    0.239799
  1.5400   24.007639    0.239791
  1.5410   24.007351    0.239783
  1.5420   24.007059    0.239776
  1.5430   24.006763    0.239769
  1.5440   24.006464    0.239762
  1.5450   24.006161    0.239756
  1.5460   24.005854    0.239750
  1.5470   24.005545    0.239744
  1.5480   24.005232    0.239739
  1.5490   24.004917    0.239734
  1.5500   24.004601    0.239729
  1.5510   24.004284    0.239725
  1.5520   24.003965    0.239721
  1.5530   24.003647    0.239717
  1.5540   24.003326    0.239713
  1.5550   24.003006    0.239710
  1.5560   24.002686    0.239707
  1.5570   24.002367    0.239705
  1.5580   24.002048    0.239703
  1.5590   24.001732    0.239701
  1.5600   24.001415    0.239699
  1.5610   24.001101    0.239698
  1.5620   24.000788    0.239697
  1.5630   24.000479    0.239696
  1.5640   24.000172    0.239696
  1.5650   23.999868    0.239696
  1.5660   23.999567    0.239696
  1.5670   23.999269    0.239697
  1.5680   23.998976    0.239698
  1.5690   23.998686    0.239699
  1.5700   23.998400    0.239700
  1.5710   23.998119    0.239702
  1.5720   23.997843    0.239704
  1.5730   23.997572    0.239706
  1.5740   23.997305    0.239709
  1.5750   23.997044    0.239712
  1.5760   23.996788    0.239715
  1.5770   23.996538    0.239718
  1.5780   23.996294    0.239722
  1.5790   23.996056    0.239726
  1.5800   23.995825    0.239730
  1.5810   23.995600    0.239734
  1.5820   23.995380    0.239739
  1.5830   23.995169    0.239743
  1.5840   23.994965    0.239748
  1.5850   23.994766    0.239753
  1.5860   23.994576    0.239759
  1.5870   23.994392    0.239764
  1.5880   23.994217    0.239770
  1.5890   23.994049    0.239776
  1.5900   23.993889    0.239782
  1.5910   23.993736    0.239788
  1.5920   23.993591    0.239794
  1.5930   23.993454    0.239801
  1.5940   23.993324    0.239807
  1.5950   23.993202    0.239814
  1.5960   23.993088    0.239821
  1.5970   23.992983    0.239828
  1.5980   23.992886    0.239835
  1.5990   23.992796    0.239842
  1.6000   23.992714    0.239849
  1.6010   23.992640    0.239857
  1.6020   23.992575    0.239864
  1.6030   23.992517    0.239872
  1.6040   23.992468    0.239879
  1.6050   23.992426    0.239887
  1.6060   23.992392    0.239894
  1.6070   23.992367    0.239902
  1.6080   23.992350    0.239910
  1.6090   23.992340    0.239917
  1.6100   23.992338    0.239925
  1.6110   23.992344    0.239933
  1.6120   23.992357    0.239940
  1.6130   23.992378    0.239948
  1.6140   23.992407    0.239955
  1.6150   23.992441    0.239963
  1.6160   23.992483    0.239971
  1.6170   23.992533    0.239978
  1.6180   23.992588    0.239985
  1.6190   23.992651    0.239993
  1.6200   23.992722    0.240000
  1.6210   23.992798    0.240007
  1.6220   23.992880    0.240015
  1.6230   23.992970    0.240022
  1.6240   23.993065    0.240029
  1.6250   23.993166    0.240036
  1.6260   23.993273    0.240042
  1.6270   23.993385    0.240049
  1.6280   23.993504    0.240056
  1.6290   23.993628    0.240062
  1.6300   23.993755    0.240068
  1.6310   23.993889    0.240074
  1.6320   23.994026    0.240081
  1.6330   23.994169    0.240086
  1.6340   23.994316    0.240092
  1.6350   23.994467    0.240098
  1.6360   23.994621    0.240103
  1.6370   23.994780    0.240109
  1.6380   23.994942    0.240114
  1.6390   23.995108    0.240119
  1.6400   23.995277    0.240123
  1.6410   23.995449    0.240128
  1.6420   23.995625    0.240133
  1.6430   23.995802    0.240137
  1.6440   23.995981    0.240141
  1.6450   23.996164    0.240145
  1.6460   23.996349    0.240149
  1.6470   23.996536    0.240152
  1.6480   23.996723    0.240156
  1.6490   23.996912    0.240159
  1.6500   23.997103    0.240162
  1.6510   23.997293    0.240165
  1.6520   23.997486    0.240167
  1.6530   23.997679    0.240170
  1.6540   23.997871    0.240172
  1.6550   23.998064    0.240174
  1.6560   23.998257    0.240176
  1.6570   23.998449    0.240177
  1.6580   23.998642    0.240179
  1.6590   23.998835    0.240180
  1.6600   23.999025    0.240181
  1.6610   23.999216    0.240182
  1.6620   23.999405    0.240183
  1.6630   23.999594    0.240183
  1.6640   23.999781    0.240183
  1.6650   23.999966    0.240184
  1.6660   24.000149    0.240184
  1.6670   24.000330    0.240183
  1.6680   24.000509    0.240183
  1.6690   24.000687    0.240182
  1.6700   24.000860    0.240182
  1.6710   24.001032    0.240181
  1.6720   24.001202    0.240179
  1.6730   24.001368    0.240178
  1.6740   24.001530    0.240177
  1.6750   24.001690    0.240175
  1.6760   24.001846    0.240173
  1.6770   24.001999    0.240171
  1.6780   24.002148    0.240169
  1.6790   24.002295    0.240167
  1.6800   24.002438    0.240165
  1.6810   24.002577    0.240162
  1.6820   24.002712    0.240160
  1.6830   24.002842    0.240157
  1.6840   24.002968    0.240154
  1.6850   24.003090    0.240151
  1.6860   24.003208    0.240148
  1.6870   24.003323    0.240145
  1.6880   24.003431    0.240141
  1.6890   24.003536    0.240138
  1.6900   24.003635    0.240134
  1.6910   24.003731    0.240130
  1.6920   24.003822    0.240127
  1.6930   24.003908    0.240123
  1.6940   24.003990    0.240119
  1.6950   24.004066    0.240115
  1.6960   24.004139    0.240111
  1.6970   24.004206    0.240107
  1.6980   24.004269    0.240102
  1.6990   24.004326    0.240098
  1.7000   24.004377    0.240094
  1.7010   24.004425    0.240089
  1.7020   24.004467    0.240085
  1.7030   24.004505    0.240080
  1.7040   24.004538    0.240076
  1.7050   24.004566    0.240071
  1.7060   24.004589    0.240067
  1.7070   24.004608    0.240062
  1.7080   24.004622    0.240057
  1.7090   24.004631    0.240053
  1.7100   24.004635    0.240048
  1.7110   24.004635    0.240044
  1.7120   24.004629    0.240039
  1.7130   24.004620    0.240034
  1.7140   24.004606    0.240030
  1.7150   24.004587    0.240025
  1.7160   24.004564    0.240021
  1.7170   24.004538    0.240016
  1.7180   24.004505    0.240011
  1.7190   24.004469    0.240007
  1.7200   24.004429    0.240003
  1.7210   24.004385    0.239998
  1.7220   24.004337    0.239994
  1.7230   24.004286    0.239989
  1.7240   24.004230    0.239985
  1.7250   24.004171    0.239981
  1.7260   24.004108    0.239977
  1.7270   24.004042    0.239973
  1.7280   24.003973    0.239969
  1.7290   24.003901    0.239965
  1.7300   24.003824    0.239961
  1.7310   24.003746    0.239957
  1.7320   24.003664    0.239953
  1.7330   24.003580    0.239950
  1.7340   24.003492    0.239946
  1.7350   24.003403    0.239943
  1.7360   24.003311    0.239939
  1.7370   24.003216    0.239936
  1.7380   24.003119    0.239933
  1.7390   24.003019    0.239930
  1.7400   24.002918    0.239927
  1.7410   24.002815    0.239924
  1.7420   24.002710    0.239921
  1.7430   24.002604    0.239919
  1.7440   24.002495    0.239916
  1.7450   24.002386    0.239914
  1.7460   24.002275    0.239911
  1.7470   24.002163    0.239909
  1.7480   24.002050    0.239907
  1.7490   24.001936    0.239905
  1.7500   24.001822    0.239903
  1.7510   24.001707    0.239901
  1.7520   24.001591    0.239900
  1.7530   24.001474    0.239898
  1.7540   24.001358    0.239897
  1.7550   24.001242    0.239896
  1.7560   24.001125    0.239894
  1.7570   24.001009    0.239893
  1.7580   24.000893    0.239892
  1.7590   24.000776    0.239892
  1.7600   24.000660    0.239891
  1.7610   24.000544    0.239890
  1.7620   24.000429    0.239890
  1.7630   24.000315    0.239889
  1.7640   24.000202    0.239889
  1.7650   24.000090    0.239889
  1.7660   23.999979    0.239889
  1.7670   23.999868    0.239889
  1.7680   23.999760    0.239889
  1.7690   23.999653    0.239890
  1.7700   23.999546    0.239890
  1.7710   23.999441    0.239890
  1.7720   23.999338    0.239891
  1.7730   23.999237    0.239892
  1.7740   23.999138    0.239893
  1.7750   23.999041    0.239893
  1.7760   23.998945    0.239894
  1.7770   23.998852    0.239896
  1.7780   23.998760    0.239897
  1.7790   23.998671    0.239898
  1.7800   23.998583    0.239899
  1.7810   23.998497    0.239901
  1.7820   23.998415    0.239902
  1.7830   23.998335    0.239904
  1.7840   23.998257    0.239906
  1.7850   23.998180    0.239908
  1.7860   23.998108    0.239909
  1.7870   23.998037    0.239911
  1.7880   23.997971    0.239913
  1.7890   23.997906    0.239915
  1.7900   23.997843    0.239918
  1.7910   23.997784    0.239920
  1.7920   23.997726    0.239922
  1.7930   23.997673    0.239924
  1.7940   23.997622    0.239927
  1.7950   23.997574    0.239929
  1.7960   23.997528    0.239931
  1.7970   23.997486    0.239934
  1.7980   23.997446    0.239936
  1.7990   23.997410    0.239939
  1.8000   23.997375    0.239942
  1.8010   23.997345    0.239944
  1.8020   23.997316    0.239947
  1.8030   23.997292    0.239950
  1.8040   23.997271    0.239952
  1.8050   23.997252    0.239955
  1.8060   23.997236    0.239958
  1.8070   23.997223    0.239961
  1.8080   23.997213    0.239963
  1.8090   23.997206    0.239966
  1.8100   23.997202    0.239969
  1.8110   23.997200    0.239972
  1.8120   23.997202    0.239975
  1.8130   23.997206    0.239977
  1.8140   23.997213    0.239980
  1.8150   23.997223    0.239983
  1.8160   23.997234    0.239986
  1.8170   23.997250    0.239989
  1.8180   23.997267    0.239991
  1.8190   23.997286    0.239994
  1.8200   23.997309    0.239997
  1.8210   23.997334    0.239999
  1.8220   23.997360    0.240002
  1.8230   23.997391    0.240005
  1.8240   23.997423    0.240007
  1.8250   23.997458    0.240010
  1.8260   23.997494    0.240012
  1.8270   23.997532    0.240015
  1.8280   23.997572    0.240017
  1.8290   23.997614    0.240020
  1.8300   23.997658    0.240022
  1.8310   23.997704    0.240024
  1.8320   23.997751    0.240027
  1.8330   23.997801    0.240029
  1.8340   23.997852    0.240031
  1.8350   23.997906    0.240033
  1.8360   23.997961    0.240035
  1.8370   23.998018    0.240037
  1.8380   23.998075    0.240039
  1.8390   23.998135    0.240041
  1.8400   23.998196    0.240043
  1.8410   23.998257    0.240045
  1.8420   23.998320    0.240046
  1.8430   23.998383    0.240048
  1.8440   23.998447    0.240050
  1.8450   23.998512    0.240051
  1.8460   23.998579    0.240053
  1.8470   23.998646    0.240054
  1.8480   23.998714    0.240055
  1.8490   23.998783    0.240057
  1.8500   23.998852    0.240058
  1.8510   23.998920    0.240059
  1.8520   23.998991    0.240060
  1.8530   23.999062    0.240061
  1.8540   23.999132    0.240062
  1.8550   23.999203    0.240063
  1.8560   23.999273    0.240063
  1.8570   23.999344    0.240064
  1.8580   23.999414    0.240065
  1.8590   23.999485    0.240065
  1.8600   23.999556    0.240066
  1.8610   23.999626    0.240066
  1.8620   23.999697    0.240066
  1.8630   23.999765    0.240067
  1.8640   23.999834    0.240067
  1.8650   23.999903    0.240067
  1.8660   23.999971    0.240067
  1.8670   24.000038    0.240067
  1.8680   24.000105    0.240067
  1.8690   24.000170    0.240067
  1.8700   24.000235    0.240067
  1.8710   24.000299    0.240066
  1.8720   24.000362    0.240066
  1.8730   24.000425    0.240066
  1.8740   24.000486    0.240065
  1.8750   24.000546    0.240065
  1.8760   24.000605    0.240064
  1.8770   24.000662    0.240064
  1.8780   24.000719    0.240063
  1.8790   24.000774    0.240062
  1.8800   24.000828    0.240061
  1.8810   24.000879    0.240060
  1.8820   24.000931    0.240060
  1.8830   24.000980    0.240059
  1.8840   24.001028    0.240058
  1.8850   24.001074    0.240057
  1.8860   24.001120    0.240055
  1.8870   24.001163    0.240054
  1.8880   24.001205    0.240053
  1.8890   24.001245    0.240052
  1.8900   24.001284    0.240051
  1.8910   24.001320    0.240049
  1.8920   24.001356    0.240048
  1.8930   24.001390    0.240047
  1.8940   24.001423    0.240045
  1.8950   24.001453    0.240044
  1.8960   24.001482    0.240042
  1.8970   24.001509    0.240041
  1.8980   24.001534    0.240039
  1.8990   24.001556    0.240038
  1.9000   24.001577    0.240036
  1.9010   24.001596    0.240035
  1.9020   24.001614    0.240033
  1.9030   24.001629    0.240031
  1.9040   24.001642    0.240030
  1.9050   24.001656    0.240028
  1.9060   24.001667    0.240026
  1.9070   24.001677    0.240025
  1.9080   24.001684    0.240023
  1.9090   24.001690    0.240021
  1.9100   24.001694    0.240020
  1.9110   24.001696    0.240018
  1.9120   24.001696    0.240016
  1.9130   24.001694    0.240015
  1.9140   24.001690    0.240013
  1.9150   24.001684    0.240011
  1.9160   24.001678    0.240010
  1.9170   24.001671    0.240008
  1.9180   24.001661    0.240006
  1.9190   24.001650    0.240005
  1.9200   24.001637    0.240003
  1.9210   24.001623    0.240001
  1.9220   24.001608    0.240000
  1.9230   24.001591    0.239998
  1.9240   24.001572    0.239996
  1.9250   24.001553    0.239995
  1.9260   24.001532    0.239993
  1.9270   24.001509    0.239992
  1.9280   24.001484    0.239990
  1.9290   24.001459    0.239989
  1.9300   24.001432    0.239987
  1.9310   24.001406    0.239986
  1.9320   24.001377    0.239985
  1.9330   24.001347    0.239983
  1.9340   24.001316    0.239982
  1.9350   24.001284    0.239981
  1.9360   24.001251    0.239979
  1.9370   24.001217    0.239978
  1.9380   24.001183    0.239977
  1.9390   24.001148    0.239976
  1.9400   24.001112    0.239975
  1.9410   24.001076    0.239974
  1.9420   24.001038    0.239973
  1.9430   24.000999    0.239972
  1.9440   24.000961    0.239971
  1.9450   24.000921    0.239970
  1.9460   24.000881    0.239969
  1.9470   24.000841    0.239968
  1.9480   24.000801    0.239967
  1.9490   24.000759    0.239966
  1.9500   24.000717    0.239965
  1.9510   24.000675    0.239965
  1.9520   24.000633    0.239964
  1.9530   24.000591    0.239964
  1.9540   24.000549    0.239963
  1.9550   24.000507    0.239962
  1.9560   24.000465    0.239962
  1.9570   24.000423    0.239961
  1.9580   24.000381    0.239961
  1.9590   24.000340    0.239961
  1.9600   24.000298    0.239960
  1.9610   24.000256    0.239960
  1.9620   24.000214    0.239960
  1.9630   24.000172    0.239960
  1.9640   24.000130    0.239960
  1.9650   24.000088    0.239959
  1.9660   24.000046    0.239959
  1.9670   24.000006    0.239959
  1.9680   23.999966    0.239959
  1.9690   23.999926    0.239959
  1.9700   23.999886    0.239960
  1.9710   23.999847    0.239960
  1.9720   23.999809    0.239960
  1.9730   23.999771    0.239960
  1.9740   23.999733    0.239960
  1.9750   23.999697    0.239961
  1.9760   23.999660    0.239961
  1.9770   23.999624    0.239961
  1.9780   23.999590    0.239962
  1.9790   23.999556    0.239962
  1.9800   23.999523    0.239963
  1.9810   23.999491    0.239963
  1.9820   23.999460    0.239964
  1.9830   23.999430    0.239964
  1.9840   23.999399    0.239965
  1.9850   23.999371    0.239965
  1.9860   23.999342    0.239966
  1.9870   23.999315    0.239967
  1.9880   23.999289    0.239967
  1.9890   23.999264    0.239968
  1.9900   23.999239    0.239969
  1.9910   23.999216    0.239970
  1.9920   23.999193    0.239970
  1.9930   23.999172    0.239971
  1.9940   23.999151    0.239972
  1.9950   23.999132    0.239973
  1.9960   23.999115    0.239974
  1.9970   23.999098    0.239975
  1.9980   23.999083    0.239976
  1.9990   23.999067    0.239976
  2.0000   23.999054    0.239977
