  -2.0830359540734934E-014
 -0.37295612488277846     
  -2.0836743322983840E-014
  0.48812101286639781     
  -2.0648976858141018E-014
 -0.25779123689903077     
  -2.0367257771939297E-014
   8.7703427052212679E-002
  -2.0877266462476895E-014
  -2.2142416673670749E-002
  -2.0758611379372230E-014
   4.4528046156429189E-003
  -2.1644014221720496E-014
  -7.4463323730175667E-004
  -1.9764129127292657E-014
   1.0661159711911256E-004
  -2.0401119573433494E-014
  -1.3346864785554318E-005
  -1.9919837903015972E-014
   1.4846222870035006E-006
  -1.3098489014309965E-014
  -1.4858431392175973E-007
  -1.8755213976215557E-014
   1.3516098737187382E-008
  -6.2302332038619960E-015
  -1.1269438137524722E-009
  -1.3328721508895509E-014
   8.6673307564439692E-011
  -4.0117994834296749E-015
  -6.2350999357705995E-012
  -7.2012619950705883E-015
   3.7003094205433682E-013
  -4.6737699470662312E-015
  -7.7542137642961400E-014
   4.0069942995086233E-015
  -3.7034263716153341E-014
  -1.2250139864580349E-014
  -4.4370894854646043E-014
   1.0380125346510193E-014
  -5.5366265889011737E-014
  -8.5089312165027396E-015
  -5.4038161625489338E-014
  -4.7109277230911134E-015
  -4.4015762272581903E-014
   7.7763314881204746E-016
  -3.2545979072610010E-014
   9.5323486555148538E-015
  -3.1902813011032731E-014
   4.0800695243007878E-017
   0.0000000000000000     
