   0.0000000       1.0000000       1.0000000    
  0.10000000E-01   1.0099480       1.0203538    
  0.20000000E-01   1.0197837       1.0414310    
  0.30000000E-01   1.0294943       1.0632553    
  0.40000000E-01   1.0390666       1.0858510    
  0.50000000E-01   1.0484869       1.1092429    
  0.60000000E-01   1.0577407       1.1334562    
  0.70000000E-01   1.0668134       1.1585166    
  0.80000000E-01   1.0756897       1.1844499    
  0.90000000E-01   1.0843537       1.2112824    
  0.10000000       1.0927891       1.2390406    
  0.11000000       1.1009794       1.2677510    
  0.12000000       1.1089072       1.2974405    
  0.13000000       1.1165549       1.3281356    
  0.14000000       1.1239046       1.3598628    
  0.15000000       1.1309378       1.3926484    
  0.16000000       1.1376358       1.4265183    
  0.17000000       1.1439797       1.4614979    
  0.18000000       1.1499501       1.4976119    
  0.19000000       1.1555276       1.5348842    
  0.20000000       1.1606926       1.5733377    
  0.21000000       1.1654255       1.6129941    
  0.22000000       1.1697066       1.6538738    
  0.23000000       1.1735163       1.6959954    
  0.24000000       1.1768352       1.7393759    
  0.25000000       1.1796442       1.7840300    
  0.26000000       1.1819244       1.8299703    
  0.27000000       1.1836574       1.8772066    
  0.28000000       1.1848255       1.9257462    
  0.29000000       1.1854114       1.9755929    
  0.30000000       1.1853988       2.0267474    
  0.31000000       1.1847723       2.0792065    
  0.32000000       1.1835173       2.1329634    
  0.33000000       1.1816207       2.1880067    
  0.34000000       1.1790705       2.2443209    
  0.35000000       1.1758560       2.3018855    
  0.36000000       1.1719683       2.3606750    
  0.37000000       1.1673999       2.4206591    
  0.38000000       1.1621452       2.4818016    
  0.39000000       1.1562005       2.5440611    
  0.40000000       1.1495640       2.6073904    
  0.41000000       1.1422363       2.6717364    
  0.42000000       1.1342196       2.7370403    
  0.43000000       1.1255189       2.8032373    
  0.44000000       1.1161412       2.8702568    
  0.45000000       1.1060958       2.9380225    
  0.46000000       1.0953946       3.0064522    
  0.47000000       1.0840517       3.0754585    
  0.48000000       1.0720835       3.1449486    
  0.49000000       1.0595087       3.2148250    
  0.50000000       1.0463485       3.2849854    
  0.51000000       1.0326260       3.3553236    
  0.52000000       1.0183664       3.4257294    
  0.53000000       1.0035971       3.4960896    
  0.54000000      0.98834696       3.5662885    
  0.55000000      0.97264683       3.6362081    
  0.56000000      0.95652888       3.7057292    
  0.57000000      0.94002663       3.7747316    
  0.58000000      0.92317469       3.8430954    
  0.59000000      0.90600862       3.9107010    
  0.60000000      0.88856463       3.9774300    
  0.61000000      0.87087943       4.0431662    
  0.62000000      0.85298994       4.1077959    
  0.63000000      0.83493316       4.1712086    
  0.64000000      0.81674587       4.2332977    
  0.65000000      0.79846447       4.2939611    
  0.66000000      0.78012476       4.3531015    
  0.67000000      0.76176174       4.4106271    
  0.68000000      0.74340946       4.4664521    
  0.69000000      0.72510083       4.5204968    
  0.70000000      0.70686749       4.5726879    
  0.71000000      0.68873966       4.6229591    
  0.72000000      0.67074607       4.6712510    
  0.73000000      0.65291379       4.7175113    
  0.74000000      0.63526823       4.7616946    
  0.75000000      0.61783304       4.8037631    
  0.76000000      0.60063006       4.8436856    
  0.77000000      0.58367935       4.8814383    
  0.78000000      0.56699911       4.9170039    
  0.79000000      0.55060574       4.9503720    
  0.80000000      0.53451384       4.9815383    
  0.81000000      0.51873626       5.0105050    
  0.82000000      0.50328411       5.0372796    
  0.83000000      0.48816685       5.0618756    
  0.84000000      0.47339234       5.0843115    
  0.85000000      0.45896692       5.1046104    
  0.86000000      0.44489547       5.1228000    
  0.87000000      0.43118148       5.1389122    
  0.88000000      0.41782718       5.1529824    
  0.89000000      0.40483359       5.1650494    
  0.90000000      0.39220061       5.1751550    
  0.91000000      0.37992710       5.1833434    
  0.92000000      0.36801100       5.1896615    
  0.93000000      0.35644938       5.1941579    
  0.94000000      0.34523853       5.1968826    
  0.95000000      0.33437407       5.1978874    
  0.96000000      0.32385096       5.1972249    
  0.97000000      0.31366364       5.1949484    
  0.98000000      0.30380609       5.1911119    
  0.99000000      0.29427185       5.1857698    
   1.0000000      0.28505413       5.1789762    
   1.0100000      0.27614584       5.1707856    
   1.0200000      0.26753967       5.1612519    
   1.0300000      0.25922811       5.1504287    
   1.0400000      0.25120351       5.1383691    
   1.0500000      0.24345813       5.1251252    
   1.0600000      0.23598416       5.1107488    
   1.0700000      0.22877377       5.0952903    
   1.0800000      0.22181913       5.0787995    
   1.0900000      0.21511244       5.0613248    
   1.1000000      0.20864598       5.0429138    
   1.1100000      0.20241207       5.0236128    
   1.1200000      0.19640316       5.0034668    
   1.1300000      0.19061180       4.9825197    
   1.1400000      0.18503068       4.9608140    
   1.1500000      0.17965261       4.9383911    
   1.1600000      0.17447057       4.9152910    
   1.1700000      0.16947770       4.8915524    
   1.1800000      0.16466729       4.8672128    
   1.1900000      0.16003283       4.8423082    
   1.2000000      0.15556795       4.8168737    
   1.2100000      0.15126649       4.7909428    
   1.2200000      0.14712246       4.7645480    
   1.2300000      0.14313004       4.7377204    
   1.2400000      0.13928361       4.7104900    
   1.2500000      0.13557772       4.6828857    
   1.2600000      0.13200709       4.6549350    
   1.2700000      0.12856665       4.6266647    
   1.2800000      0.12525145       4.5981002    
   1.2900000      0.12205677       4.5692658    
   1.3000000      0.11897803       4.5401851    
   1.3100000      0.11601081       4.5108803    
   1.3200000      0.11315085       4.4813731    
   1.3300000      0.11039408       4.4516838    
   1.3400000      0.10773654       4.4218322    
   1.3500000      0.10517444       4.3918369    
   1.3600000      0.10270414       4.3617158    
   1.3700000      0.10032214       4.3314861    
   1.3800000      0.98025049E-01   4.3011640    
   1.3900000      0.95809643E-01   4.2707652    
   1.4000000      0.93672808E-01   4.2403044    
   1.4100000      0.91611555E-01   4.2097958    
   1.4200000      0.89623014E-01   4.1792528    
   1.4300000      0.87704431E-01   4.1486883    
   1.4400000      0.85853161E-01   4.1181145    
   1.4500000      0.84066666E-01   4.0875430    
   1.4600000      0.82342510E-01   4.0569848    
   1.4700000      0.80678357E-01   4.0264505    
   1.4800000      0.79071964E-01   3.9959499    
   1.4900000      0.77521181E-01   3.9654926    
   1.5000000      0.76023944E-01   3.9350875    
   1.5100000      0.74578275E-01   3.9047433    
   1.5200000      0.73182275E-01   3.8744678    
   1.5300000      0.71834125E-01   3.8442689    
   1.5400000      0.70532077E-01   3.8141538    
   1.5500000      0.69274457E-01   3.7841293    
   1.5600000      0.68059661E-01   3.7542019    
   1.5700000      0.66886147E-01   3.7243778    
   1.5800000      0.65752439E-01   3.6946628    
   1.5900000      0.64657120E-01   3.6650623    
   1.6000000      0.63598833E-01   3.6355816    
   1.6100000      0.62576273E-01   3.6062254    
   1.6200000      0.61588193E-01   3.5769984    
   1.6300000      0.60633393E-01   3.5479049    
   1.6400000      0.59710723E-01   3.5189489    
   1.6500000      0.58819082E-01   3.4901343    
   1.6600000      0.57957411E-01   3.4614645    
   1.6700000      0.57124697E-01   3.4329431    
   1.6800000      0.56319965E-01   3.4045730    
   1.6900000      0.55542282E-01   3.3763573    
   1.7000000      0.54790752E-01   3.3482986    
   1.7100000      0.54064515E-01   3.3203995    
   1.7200000      0.53362747E-01   3.2926623    
   1.7300000      0.52684657E-01   3.2650893    
   1.7400000      0.52029483E-01   3.2376824    
   1.7500000      0.51396499E-01   3.2104435    
   1.7600000      0.50785004E-01   3.1833744    
   1.7700000      0.50194326E-01   3.1564766    
   1.7800000      0.49623822E-01   3.1297516    
   1.7900000      0.49072873E-01   3.1032006    
   1.8000000      0.48540884E-01   3.0768249    
   1.8100000      0.48027286E-01   3.0506256    
   1.8200000      0.47531531E-01   3.0246035    
   1.8300000      0.47053095E-01   2.9987596    
   1.8400000      0.46591472E-01   2.9730946    
   1.8500000      0.46146178E-01   2.9476092    
   1.8600000      0.45716749E-01   2.9223038    
   1.8700000      0.45302738E-01   2.8971791    
   1.8800000      0.44903716E-01   2.8722354    
   1.8900000      0.44519272E-01   2.8474729    
   1.9000000      0.44149009E-01   2.8228920    
   1.9100000      0.43792550E-01   2.7984928    
   1.9200000      0.43449530E-01   2.7742754    
   1.9300000      0.43119598E-01   2.7502398    
   1.9400000      0.42802419E-01   2.7263859    
   1.9500000      0.42497671E-01   2.7027138    
   1.9600000      0.42205044E-01   2.6792231    
   1.9700000      0.41924242E-01   2.6559138    
   1.9800000      0.41654978E-01   2.6327856    
   1.9900000      0.41396979E-01   2.6098381    
   2.0000000      0.41149983E-01   2.5870711    
   2.0100000      0.40913737E-01   2.5644840    
   2.0200000      0.40688001E-01   2.5420766    
   2.0300000      0.40472542E-01   2.5198483    
   2.0400000      0.40267137E-01   2.4977985    
   2.0500000      0.40071574E-01   2.4759268    
   2.0600000      0.39885648E-01   2.4542326    
   2.0700000      0.39709163E-01   2.4327153    
   2.0800000      0.39541931E-01   2.4113742    
   2.0900000      0.39383773E-01   2.3902086    
   2.1000000      0.39234517E-01   2.3692179    
   2.1100000      0.39093998E-01   2.3484013    
   2.1200000      0.38962058E-01   2.3277581    
   2.1300000      0.38838546E-01   2.3072876    
   2.1400000      0.38723319E-01   2.2869888    
   2.1500000      0.38616238E-01   2.2668611    
   2.1600000      0.38517173E-01   2.2469036    
   2.1700000      0.38425997E-01   2.2271154    
   2.1800000      0.38342591E-01   2.2074957    
   2.1900000      0.38266841E-01   2.1880437    
   2.2000000      0.38198639E-01   2.1687583    
   2.2100000      0.38137881E-01   2.1496388    
   2.2200000      0.38084469E-01   2.1306842    
   2.2300000      0.38038310E-01   2.1118936    
   2.2400000      0.37999316E-01   2.0932660    
   2.2500000      0.37967402E-01   2.0748005    
   2.2600000      0.37942490E-01   2.0564961    
   2.2700000      0.37924506E-01   2.0383520    
   2.2800000      0.37913378E-01   2.0203670    
   2.2900000      0.37909041E-01   2.0025402    
   2.3000000      0.37911432E-01   1.9848707    
   2.3100000      0.37920494E-01   1.9673574    
   2.3200000      0.37936171E-01   1.9499994    
   2.3300000      0.37958414E-01   1.9327957    
   2.3400000      0.37987176E-01   1.9157451    
   2.3500000      0.38022412E-01   1.8988468    
   2.3600000      0.38064085E-01   1.8820998    
   2.3700000      0.38112156E-01   1.8655029    
   2.3800000      0.38166594E-01   1.8490553    
   2.3900000      0.38227368E-01   1.8327558    
   2.4000000      0.38294452E-01   1.8166035    
   2.4100000      0.38367822E-01   1.8005974    
   2.4200000      0.38447458E-01   1.7847363    
   2.4300000      0.38533343E-01   1.7690194    
   2.4400000      0.38625463E-01   1.7534456    
   2.4500000      0.38723806E-01   1.7380138    
   2.4600000      0.38828363E-01   1.7227231    
   2.4700000      0.38939128E-01   1.7075724    
   2.4800000      0.39056100E-01   1.6925608    
   2.4900000      0.39179276E-01   1.6776872    
   2.5000000      0.39308661E-01   1.6629506    
   2.5100000      0.39444258E-01   1.6483499    
   2.5200000      0.39586075E-01   1.6338843    
   2.5300000      0.39734123E-01   1.6195527    
   2.5400000      0.39888415E-01   1.6053540    
   2.5500000      0.40048965E-01   1.5912873    
   2.5600000      0.40215791E-01   1.5773517    
   2.5700000      0.40388915E-01   1.5635460    
   2.5800000      0.40568357E-01   1.5498694    
   2.5900000      0.40754145E-01   1.5363209    
   2.6000000      0.40946304E-01   1.5228994    
   2.6100000      0.41144865E-01   1.5096040    
   2.6200000      0.41349861E-01   1.4964337    
   2.6300000      0.41561325E-01   1.4833876    
   2.6400000      0.41779295E-01   1.4704647    
   2.6500000      0.42003811E-01   1.4576641    
   2.6600000      0.42234913E-01   1.4449848    
   2.6700000      0.42472646E-01   1.4324258    
   2.6800000      0.42717056E-01   1.4199863    
   2.6900000      0.42968192E-01   1.4076653    
   2.7000000      0.43226105E-01   1.3954618    
   2.7100000      0.43490847E-01   1.3833749    
   2.7200000      0.43762475E-01   1.3714038    
   2.7300000      0.44041045E-01   1.3595475    
   2.7400000      0.44326619E-01   1.3478051    
   2.7500000      0.44619258E-01   1.3361757    
   2.7600000      0.44919028E-01   1.3246585    
   2.7700000      0.45225995E-01   1.3132524    
   2.7800000      0.45540228E-01   1.3019567    
   2.7900000      0.45861800E-01   1.2907705    
   2.8000000      0.46190784E-01   1.2796928    
   2.8100000      0.46527257E-01   1.2687229    
   2.8200000      0.46871297E-01   1.2578599    
   2.8300000      0.47222986E-01   1.2471029    
   2.8400000      0.47582406E-01   1.2364511    
   2.8500000      0.47949645E-01   1.2259036    
   2.8600000      0.48324789E-01   1.2154596    
   2.8700000      0.48707930E-01   1.2051183    
   2.8800000      0.49099161E-01   1.1948789    
   2.8900000      0.49498578E-01   1.1847405    
   2.9000000      0.49906278E-01   1.1747024    
   2.9100000      0.50322363E-01   1.1647637    
   2.9200000      0.50746934E-01   1.1549237    
   2.9300000      0.51180099E-01   1.1451815    
   2.9400000      0.51621965E-01   1.1355364    
   2.9500000      0.52072642E-01   1.1259877    
   2.9600000      0.52532245E-01   1.1165344    
   2.9700000      0.53000890E-01   1.1071760    
   2.9800000      0.53478695E-01   1.0979115    
   2.9900000      0.53965781E-01   1.0887404    
   3.0000000      0.54462273E-01   1.0796618    
   3.0100000      0.54968298E-01   1.0706750    
   3.0200000      0.55483986E-01   1.0617792    
   3.0300000      0.56009468E-01   1.0529738    
   3.0400000      0.56544880E-01   1.0442581    
   3.0500000      0.57090360E-01   1.0356313    
   3.0600000      0.57646050E-01   1.0270927    
   3.0700000      0.58212094E-01   1.0186417    
   3.0800000      0.58788638E-01   1.0102775    
   3.0900000      0.59375833E-01   1.0019995    
   3.1000000      0.59973832E-01  0.99380694    
   3.1100000      0.60582791E-01  0.98569925    
   3.1200000      0.61202869E-01  0.97767572    
   3.1300000      0.61834229E-01  0.96973571    
   3.1400000      0.62477037E-01  0.96187856    
   3.1500000      0.63131461E-01  0.95410364    
   3.1600000      0.63797674E-01  0.94641032    
   3.1700000      0.64475852E-01  0.93879796    
   3.1800000      0.65166173E-01  0.93126594    
   3.1900000      0.65868819E-01  0.92381366    
   3.2000000      0.66583978E-01  0.91644050    
   3.2100000      0.67311837E-01  0.90914586    
   3.2200000      0.68052591E-01  0.90192916    
   3.2300000      0.68806435E-01  0.89478980    
   3.2400000      0.69573569E-01  0.88772721    
   3.2500000      0.70354199E-01  0.88074081    
   3.2600000      0.71148531E-01  0.87383004    
   3.2700000      0.71956777E-01  0.86699433    
   3.2800000      0.72779152E-01  0.86023313    
   3.2900000      0.73615876E-01  0.85354591    
   3.3000000      0.74467172E-01  0.84693211    
   3.3100000      0.75333266E-01  0.84039121    
   3.3200000      0.76214392E-01  0.83392267    
   3.3300000      0.77110783E-01  0.82752599    
   3.3400000      0.78022680E-01  0.82120066    
   3.3500000      0.78950327E-01  0.81494615    
   3.3600000      0.79893971E-01  0.80876198    
   3.3700000      0.80853866E-01  0.80264766    
   3.3800000      0.81830269E-01  0.79660270    
   3.3900000      0.82823441E-01  0.79062662    
   3.4000000      0.83833648E-01  0.78471896    
   3.4100000      0.84861161E-01  0.77887924    
   3.4200000      0.85906255E-01  0.77310702    
   3.4300000      0.86969211E-01  0.76740183    
   3.4400000      0.88050312E-01  0.76176325    
   3.4500000      0.89149851E-01  0.75619084    
   3.4600000      0.90268120E-01  0.75068415    
   3.4700000      0.91405419E-01  0.74524278    
   3.4800000      0.92562054E-01  0.73986631    
   3.4900000      0.93738335E-01  0.73455434    
   3.5000000      0.94934575E-01  0.72930645    
   3.5100000      0.96151097E-01  0.72412226    
   3.5200000      0.97388226E-01  0.71900139    
   3.5300000      0.98646292E-01  0.71394344    
   3.5400000      0.99925633E-01  0.70894807    
   3.5500000      0.10122659      0.70401489    
   3.5600000      0.10254951      0.69914355    
   3.5700000      0.10389475      0.69433371    
   3.5800000      0.10526267      0.68958502    
   3.5900000      0.10665363      0.68489716    
   3.6000000      0.10806801      0.68026978    
   3.6100000      0.10950617      0.67570258    
   3.6200000      0.11096851      0.67119524    
   3.6300000      0.11245541      0.66674747    
   3.6400000      0.11396727      0.66235896    
   3.6500000      0.11550449      0.65802943    
   3.6600000      0.11706748      0.65375860    
   3.6700000      0.11865665      0.64954620    
   3.6800000      0.12027243      0.64539197    
   3.6900000      0.12191524      0.64129565    
   3.7000000      0.12358551      0.63725700    
   3.7100000      0.12528369      0.63327578    
   3.7200000      0.12701022      0.62935176    
   3.7300000      0.12876557      0.62548472    
   3.7400000      0.13055018      0.62167445    
   3.7500000      0.13236454      0.61792074    
   3.7600000      0.13420911      0.61422342    
   3.7700000      0.13608438      0.61058228    
   3.7800000      0.13799083      0.60699716    
   3.7900000      0.13992898      0.60346789    
   3.8000000      0.14189931      0.59999431    
   3.8100000      0.14390235      0.59657628    
   3.8200000      0.14593860      0.59321366    
   3.8300000      0.14800861      0.58990633    
   3.8400000      0.15011290      0.58665417    
   3.8500000      0.15225202      0.58345708    
   3.8600000      0.15442652      0.58031495    
   3.8700000      0.15663695      0.57722771    
   3.8800000      0.15888388      0.57419529    
   3.8900000      0.16116789      0.57121761    
   3.9000000      0.16348955      0.56829464    
   3.9100000      0.16584946      0.56542632    
   3.9200000      0.16824822      0.56261264    
   3.9300000      0.17068642      0.55985358    
   3.9400000      0.17316469      0.55714914    
   3.9500000      0.17568365      0.55449932    
   3.9600000      0.17824392      0.55190415    
   3.9700000      0.18084615      0.54936366    
   3.9800000      0.18349098      0.54687791    
   3.9900000      0.18617906      0.54444696    
   4.0000000      0.18891107      0.54207088    
   4.0100000      0.19168767      0.53974977    
   4.0200000      0.19450954      0.53748372    
   4.0300000      0.19737737      0.53527288    
   4.0400000      0.20029185      0.53311736    
   4.0500000      0.20325370      0.53101733    
   4.0600000      0.20626361      0.52897295    
   4.0700000      0.20932232      0.52698441    
   4.0800000      0.21243056      0.52505191    
   4.0900000      0.21558905      0.52317567    
   4.1000000      0.21879855      0.52135593    
   4.1100000      0.22205981      0.51959296    
   4.1200000      0.22537358      0.51788701    
   4.1300000      0.22874065      0.51623840    
   4.1400000      0.23216177      0.51464744    
   4.1500000      0.23563775      0.51311446    
   4.1600000      0.23916936      0.51163982    
   4.1700000      0.24275742      0.51022391    
   4.1800000      0.24640272      0.50886712    
   4.1900000      0.25010608      0.50756989    
   4.2000000      0.25386831      0.50633266    
   4.2100000      0.25769025      0.50515590    
   4.2200000      0.26157272      0.50404013    
   4.2300000      0.26551658      0.50298587    
   4.2400000      0.26952265      0.50199367    
   4.2500000      0.27359179      0.50106412    
   4.2600000      0.27772486      0.50019782    
   4.2700000      0.28192273      0.49939542    
   4.2800000      0.28618624      0.49865760    
   4.2900000      0.29051629      0.49798505    
   4.3000000      0.29491373      0.49737851    
   4.3100000      0.29937945      0.49683877    
   4.3200000      0.30391434      0.49636661    
   4.3300000      0.30851926      0.49596290    
   4.3400000      0.31319512      0.49562850    
   4.3500000      0.31794280      0.49536435    
   4.3600000      0.32276318      0.49517140    
   4.3700000      0.32765716      0.49505065    
   4.3800000      0.33262562      0.49500315    
   4.3900000      0.33766946      0.49503000    
   4.4000000      0.34278957      0.49513233    
   4.4100000      0.34798682      0.49531133    
   4.4200000      0.35326210      0.49556824    
   4.4300000      0.35861628      0.49590434    
   4.4400000      0.36405025      0.49632097    
   4.4500000      0.36956486      0.49681954    
   4.4600000      0.37516099      0.49740150    
   4.4700000      0.38083947      0.49806836    
   4.4800000      0.38660116      0.49882172    
   4.4900000      0.39244689      0.49966319    
   4.5000000      0.39837748      0.50059451    
   4.5100000      0.40439375      0.50161744    
   4.5200000      0.41049648      0.50273385    
   4.5300000      0.41668645      0.50394565    
   4.5400000      0.42296444      0.50525486    
   4.5500000      0.42933118      0.50666356    
   4.5600000      0.43578739      0.50817392    
   4.5700000      0.44233379      0.50978819    
   4.5800000      0.44897104      0.51150874    
   4.5900000      0.45569979      0.51333801    
   4.6000000      0.46252067      0.51527853    
   4.6100000      0.46943427      0.51733295    
   4.6200000      0.47644114      0.51950403    
   4.6300000      0.48354182      0.52179463    
   4.6400000      0.49073678      0.52420773    
   4.6500000      0.49802647      0.52674641    
   4.6600000      0.50541129      0.52941391    
   4.6700000      0.51289160      0.53221358    
   4.6800000      0.52046769      0.53514890    
   4.6900000      0.52813982      0.53822350    
   4.7000000      0.53590819      0.54144115    
   4.7100000      0.54377293      0.54480578    
   4.7200000      0.55173411      0.54832146    
   4.7300000      0.55979173      0.55199245    
   4.7400000      0.56794573      0.55582316    
   4.7500000      0.57619595      0.55981819    
   4.7600000      0.58454217      0.56398232    
   4.7700000      0.59298409      0.56832052    
   4.7800000      0.60152129      0.57283797    
   4.7900000      0.61015327      0.57754005    
   4.8000000      0.61887944      0.58243235    
   4.8100000      0.62769909      0.58752071    
   4.8200000      0.63661139      0.59281117    
   4.8300000      0.64561540      0.59831005    
   4.8400000      0.65471006      0.60402389    
   4.8500000      0.66389417      0.60995952    
   4.8600000      0.67316638      0.61612402    
   4.8700000      0.68252522      0.62252478    
   4.8800000      0.69196904      0.62916946    
   4.8900000      0.70149604      0.63606605    
   4.9000000      0.71110424      0.64322283    
   4.9100000      0.72079149      0.65064843    
   4.9200000      0.73055545      0.65835181    
   4.9300000      0.74039358      0.66634231    
   4.9400000      0.75030313      0.67462959    
   4.9500000      0.76028115      0.68322374    
   4.9600000      0.77032443      0.69213520    
   4.9700000      0.78042957      0.70137484    
   4.9800000      0.79059288      0.71095395    
   4.9900000      0.80081043      0.72088425    
   5.0000000      0.81107802      0.73117789    
   5.0100000      0.82139116      0.74184751    
   5.0200000      0.83174508      0.75290620    
   5.0300000      0.84213470      0.76436756    
   5.0400000      0.85255461      0.77624566    
   5.0500000      0.86299908      0.78855511    
   5.0600000      0.87346204      0.80131103    
   5.0700000      0.88393706      0.81452909    
   5.0800000      0.89441735      0.82822549    
   5.0900000      0.90489571      0.84241701    
   5.1000000      0.91536459      0.85712099    
   5.1100000      0.92581601      0.87235535    
   5.1200000      0.93624155      0.88813858    
   5.1300000      0.94663241      0.90448977    
   5.1400000      0.95697930      0.92142860    
   5.1500000      0.96727250      0.93897534    
   5.1600000      0.97750182      0.95715084    
   5.1700000      0.98765661      0.97597657    
   5.1800000      0.99772570      0.99547453    
   5.1900000       1.0076975       1.0156673    
   5.2000000       1.0175598       1.0365781    
   5.2100000       1.0273000       1.0582306    
   5.2200000       1.0369049       1.0806489    
   5.2300000       1.0463609       1.1038577    
   5.2400000       1.0556539       1.1278821    
   5.2500000       1.0647690       1.1527478    
   5.2600000       1.0736913       1.1784805    
   5.2700000       1.0824049       1.2051064    
   5.2800000       1.0908937       1.2326520    
   5.2900000       1.0991412       1.2611438    
   5.3000000       1.1071301       1.2906085    
   5.3100000       1.1148430       1.3210728    
   5.3200000       1.1222620       1.3525632    
   5.3300000       1.1293688       1.3851060    
   5.3400000       1.1361446       1.4187274    
   5.3500000       1.1425706       1.4534527    
   5.3600000       1.1486275       1.4893068    
   5.3700000       1.1542960       1.5263140    
   5.3800000       1.1595565       1.5644972    
   5.3900000       1.1643893       1.6038785    
   5.4000000       1.1687747       1.6444786    
   5.4100000       1.1726932       1.6863165    
   5.4200000       1.1761253       1.7294097    
   5.4300000       1.1790518       1.7737733    
   5.4400000       1.1814538       1.8194204    
   5.4500000       1.1833127       1.8663616    
   5.4600000       1.1846106       1.9146046    
   5.4700000       1.1853302       1.9641542    
   5.4800000       1.1854550       2.0150117    
   5.4900000       1.1849692       2.0671749    
   5.5000000       1.1838583       2.1206378    
   5.5100000       1.1821086       2.1753901    
   5.5200000       1.1797078       2.2314172    
   5.5300000       1.1766451       2.2886998    
   5.5400000       1.1729110       2.3472136    
   5.5500000       1.1684977       2.4069292    
   5.5600000       1.1633993       2.4678120    
   5.5700000       1.1576116       2.5298217    
   5.5800000       1.1511324       2.5929124    
   5.5900000       1.1439615       2.6570324    
   5.6000000       1.1361010       2.7221241    
   5.6100000       1.1275552       2.7881242    
   5.6200000       1.1183305       2.8549634    
   5.6300000       1.1084359       2.9225666    
   5.6400000       1.0978826       2.9908529    
   5.6500000       1.0866840       3.0597361    
   5.6600000       1.0748563       3.1291248    
   5.6700000       1.0624176       3.1989222    
   5.6800000       1.0493884       3.2690273    
   5.6900000       1.0357914       3.3393346    
   5.7000000       1.0216516       3.4097348    
   5.7100000       1.0069955       3.4801155    
   5.7200000      0.99185202       3.5503614    
   5.7300000      0.97625135       3.6203548    
   5.7400000      0.96022542       3.6899770    
   5.7500000      0.94380746       3.7591078    
   5.7600000      0.92703188       3.8276272    
   5.7700000      0.90993401       3.8954154    
   5.7800000      0.89254995       3.9623539    
   5.7900000      0.87491630       4.0283257    
   5.8000000      0.85706998       4.0932166    
   5.8100000      0.83904796       4.1569153    
   5.8200000      0.82088711       4.2193142    
   5.8300000      0.80262393       4.2803102    
   5.8400000      0.78429435       4.3398048    
   5.8500000      0.76593360       4.3977051    
   5.8600000      0.74757595       4.4539236    
   5.8700000      0.72925458       4.5083794    
   5.8800000      0.71100143       4.5609976    
   5.8900000      0.69284706       4.6117105    
   5.9000000      0.67482054       4.6604569    
   5.9100000      0.65694932       4.7071829    
   5.9200000      0.63925921       4.7518416    
   5.9300000      0.62177424       4.7943935    
   5.9400000      0.60451669       4.8348059    
   5.9500000      0.58750700       4.8730533    
   5.9600000      0.57076381       4.9091169    
   5.9700000      0.55430393       4.9429848    
   5.9800000      0.53814235       4.9746514    
   5.9900000      0.52229232       5.0041172    
   6.0000000      0.50676536       5.0313889    
   6.0100000      0.49157128       5.0564784    
   6.0200000      0.47671830       5.0794031    
   6.0300000      0.46221309       5.1001852    
   6.0400000      0.44806087       5.1188514    
   6.0500000      0.43426544       5.1354325    
   6.0600000      0.42082930       5.1499633    
   6.0700000      0.40775373       5.1624818    
   6.0800000      0.39503889       5.1730291    
   6.0900000      0.38268387       5.1816491    
   6.1000000      0.37068680       5.1883879    
   6.1100000      0.35904495       5.1932937    
   6.1200000      0.34775478       5.1964165    
   6.1300000      0.33681204       5.1978074    
   6.1400000      0.32621185       5.1975190    
   6.1500000      0.31594877       5.1956044    
   6.1600000      0.30601685       5.1921176    
   6.1700000      0.29640975       5.1871127    
   6.1800000      0.28712073       5.1806441    
   6.1900000      0.27814279       5.1727661    
   6.2000000      0.26946863       5.1635328    
   6.2100000      0.26109081       5.1529979    
   6.2200000      0.25300170       5.1412145    
   6.2300000      0.24519357       5.1282351    
   6.2400000      0.23765863       5.1141115    
   6.2500000      0.23038905       5.0988945    
   6.2600000      0.22337699       5.0826339    
   6.2700000      0.21661466       5.0653785    
   6.2800000      0.21009430       5.0471761    
   6.2900000      0.20380823       5.0280733    
   6.3000000      0.19774886       5.0081153    
   6.3100000      0.19190873       4.9873464    
   6.3200000      0.18628048       4.9658094    
   6.3300000      0.18085690       4.9435459    
   6.3400000      0.17563094       4.9205962    
   6.3500000      0.17059569       4.8969993    
   6.3600000      0.16574441       4.8727930    
   6.3700000      0.16107054       4.8480137    
   6.3800000      0.15656769       4.8226965    
   6.3900000      0.15222964       4.7968755    
   6.4000000      0.14805036       4.7705833    
   6.4100000      0.14402400       4.7438513    
   6.4200000      0.14014489       4.7167099    
   6.4300000      0.13640754       4.6891880    
   6.4400000      0.13280664       4.6613137    
   6.4500000      0.12933706       4.6331137    
   6.4600000      0.12599383       4.6046138    
   6.4700000      0.12277218       4.5758387    
   6.4800000      0.11966750       4.5468119    
   6.4900000      0.11667532       4.5175561    
   6.5000000      0.11379136       4.4880931    
   6.5100000      0.11101150       4.4584434    
   6.5200000      0.10833175       4.4286270    
   6.5300000      0.10574830       4.3986627    
   6.5400000      0.10325746       4.3685687    
   6.5500000      0.10085569       4.3383622    
   6.5600000      0.98539605E-01   4.3080597    
   6.5700000      0.96305921E-01   4.2776770    
   6.5800000      0.94151504E-01   4.2472290    
   6.5900000      0.92073337E-01   4.2167300    
   6.6000000      0.90068524E-01   4.1861937    
   6.6100000      0.88134285E-01   4.1556330    
   6.6200000      0.86267949E-01   4.1250603    
   6.6300000      0.84466957E-01   4.0944872    
   6.6400000      0.82728848E-01   4.0639251    
   6.6500000      0.81051264E-01   4.0333844    
   6.6600000      0.79431942E-01   4.0028753    
   6.6700000      0.77868710E-01   3.9724074    
   6.6800000      0.76359486E-01   3.9419897    
   6.6900000      0.74902271E-01   3.9116309    
   6.7000000      0.73495150E-01   3.8813391    
   6.7100000      0.72136285E-01   3.8511222    
   6.7200000      0.70823914E-01   3.8209874    
   6.7300000      0.69556345E-01   3.7909418    
   6.7400000      0.68331958E-01   3.7609918    
   6.7500000      0.67149197E-01   3.7311437    
   6.7600000      0.66006573E-01   3.7014034    
   6.7700000      0.64902654E-01   3.6717764    
   6.7800000      0.63836071E-01   3.6422680    
   6.7900000      0.62805506E-01   3.6128832    
   6.8000000      0.61809700E-01   3.5836264    
   6.8100000      0.60847442E-01   3.5545022    
   6.8200000      0.59917572E-01   3.5255146    
   6.8300000      0.59018976E-01   3.4966676    
   6.8400000      0.58150588E-01   3.4679646    
   6.8500000      0.57311382E-01   3.4394092    
   6.8600000      0.56500376E-01   3.4110045    
   6.8700000      0.55716628E-01   3.3827535    
   6.8800000      0.54959234E-01   3.3546589    
   6.8900000      0.54227325E-01   3.3267233    
   6.9000000      0.53520069E-01   3.2989491    
   6.9100000      0.52836667E-01   3.2713386    
   6.9200000      0.52176353E-01   3.2438938    
   6.9300000      0.51538390E-01   3.2166166    
   6.9400000      0.50922073E-01   3.1895088    
   6.9500000      0.50326724E-01   3.1625720    
   6.9600000      0.49751692E-01   3.1358076    
   6.9700000      0.49196353E-01   3.1092169    
   6.9800000      0.48660108E-01   3.0828013    
   6.9900000      0.48142380E-01   3.0565618    
   7.0000000      0.47642619E-01   3.0304994    
   7.0100000      0.47160294E-01   3.0046150    
   7.0200000      0.46694894E-01   2.9789093    
   7.0300000      0.46245933E-01   2.9533830    
   7.0400000      0.45812939E-01   2.9280367    
   7.0500000      0.45395464E-01   2.9028709    
   7.0600000      0.44993073E-01   2.8778860    
   7.0700000      0.44605352E-01   2.8530824    
   7.0800000      0.44231902E-01   2.8284602    
   7.0900000      0.43872340E-01   2.8040197    
   7.1000000      0.43526298E-01   2.7797610    
   7.1100000      0.43193423E-01   2.7556841    
   7.1200000      0.42873375E-01   2.7317889    
   7.1300000      0.42565831E-01   2.7080755    
   7.1400000      0.42270477E-01   2.6845437    
   7.1500000      0.41987014E-01   2.6611932    
   7.1600000      0.41715153E-01   2.6380238    
   7.1700000      0.41454618E-01   2.6150353    
   7.1800000      0.41205145E-01   2.5922273    
   7.1900000      0.40966479E-01   2.5695994    
   7.2000000      0.40738376E-01   2.5471512    
   7.2100000      0.40520601E-01   2.5248823    
   7.2200000      0.40312932E-01   2.5027920    
   7.2300000      0.40115151E-01   2.4808799    
   7.2400000      0.39927053E-01   2.4591455    
   7.2500000      0.39748440E-01   2.4375880    
   7.2600000      0.39579122E-01   2.4162069    
   7.2700000      0.39418919E-01   2.3950015    
   7.2800000      0.39267655E-01   2.3739711    
   7.2900000      0.39125165E-01   2.3531151    
   7.3000000      0.38991289E-01   2.3324325    
   7.3100000      0.38865876E-01   2.3119228    
   7.3200000      0.38748779E-01   2.2915851    
   7.3300000      0.38639859E-01   2.2714186    
   7.3400000      0.38538984E-01   2.2514225    
   7.3500000      0.38446027E-01   2.2315959    
   7.3600000      0.38360866E-01   2.2119381    
   7.3700000      0.38283387E-01   2.1924480    
   7.3800000      0.38213479E-01   2.1731249    
   7.3900000      0.38151039E-01   2.1539678    
   7.4000000      0.38095966E-01   2.1349758    
   7.4100000      0.38048167E-01   2.1161480    
   7.4200000      0.38007553E-01   2.0974834    
   7.4300000      0.37974038E-01   2.0789812    
   7.4400000      0.37947542E-01   2.0606403    
   7.4500000      0.37927990E-01   2.0424598    
   7.4600000      0.37915311E-01   2.0244388    
   7.4700000      0.37909437E-01   2.0065762    
   7.4800000      0.37910305E-01   1.9888710    
   7.4900000      0.37917856E-01   1.9713223    
   7.5000000      0.37932035E-01   1.9539291    
   7.5100000      0.37952790E-01   1.9366904    
   7.5200000      0.37980075E-01   1.9196052    
   7.5300000      0.38013844E-01   1.9026724    
   7.5400000      0.38054058E-01   1.8858911    
   7.5500000      0.38100679E-01   1.8692602    
   7.5600000      0.38153673E-01   1.8527787    
   7.5700000      0.38213010E-01   1.8364457    
   7.5800000      0.38278662E-01   1.8202600    
   7.5900000      0.38350606E-01   1.8042208    
   7.6000000      0.38428821E-01   1.7883269    
   7.6100000      0.38513288E-01   1.7725773    
   7.6200000      0.38603992E-01   1.7569710    
   7.6300000      0.38700922E-01   1.7415071    
   7.6400000      0.38804068E-01   1.7261844    
   7.6500000      0.38913423E-01   1.7110020    
   7.6600000      0.39028985E-01   1.6959589    
   7.6700000      0.39150752E-01   1.6810540    
   7.6800000      0.39278725E-01   1.6662864    
   7.6900000      0.39412911E-01   1.6516549    
   7.7000000      0.39553314E-01   1.6371587    
   7.7100000      0.39699946E-01   1.6227967    
   7.7200000      0.39852818E-01   1.6085680    
   7.7300000      0.40011944E-01   1.5944714    
   7.7400000      0.40177343E-01   1.5805061    
   7.7500000      0.40349034E-01   1.5666710    
   7.7600000      0.40527039E-01   1.5529651    
   7.7700000      0.40711383E-01   1.5393876    
   7.7800000      0.40902092E-01   1.5259373    
   7.7900000      0.41099196E-01   1.5126133    
   7.8000000      0.41302727E-01   1.4994147    
   7.8100000      0.41512719E-01   1.4863405    
   7.8200000      0.41729208E-01   1.4733897    
   7.8300000      0.41952233E-01   1.4605614    
   7.8400000      0.42181835E-01   1.4478546    
   7.8500000      0.42418058E-01   1.4352684    
   7.8600000      0.42660947E-01   1.4228018    
   7.8700000      0.42910550E-01   1.4104539    
   7.8800000      0.43166919E-01   1.3982238    
   7.8900000      0.43430105E-01   1.3861106    
   7.9000000      0.43700163E-01   1.3741133    
   7.9100000      0.43977151E-01   1.3622309    
   7.9200000      0.44261129E-01   1.3504628    
   7.9300000      0.44552157E-01   1.3388078    
   7.9400000      0.44850301E-01   1.3272651    
   7.9500000      0.45155627E-01   1.3158339    
   7.9600000      0.45468204E-01   1.3045132    
   7.9700000      0.45788102E-01   1.2933021    
   7.9800000      0.46115396E-01   1.2821999    
   7.9900000      0.46450160E-01   1.2712056    
   8.0000000      0.46792474E-01   1.2603184    
   8.0100000      0.47142418E-01   1.2495374    
   8.0200000      0.47500075E-01   1.2388617    
   8.0300000      0.47865530E-01   1.2282906    
   8.0400000      0.48238870E-01   1.2178232    
   8.0500000      0.48620187E-01   1.2074587    
   8.0600000      0.49009572E-01   1.1971962    
   8.0700000      0.49407120E-01   1.1870349    
   8.0800000      0.49812930E-01   1.1769741    
   8.0900000      0.50227100E-01   1.1670129    
   8.1000000      0.50649735E-01   1.1571505    
   8.1100000      0.51080938E-01   1.1473862    
   8.1200000      0.51520817E-01   1.1377191    
   8.1300000      0.51969484E-01   1.1281485    
   8.1400000      0.52427049E-01   1.1186736    
   8.1500000      0.52893629E-01   1.1092937    
   8.1600000      0.53369343E-01   1.1000080    
   8.1700000      0.53854310E-01   1.0908157    
   8.1800000      0.54348654E-01   1.0817161    
   8.1900000      0.54852502E-01   1.0727085    
   8.2000000      0.55365983E-01   1.0637921    
   8.2100000      0.55889228E-01   1.0549663    
   8.2200000      0.56422372E-01   1.0462303    
   8.2300000      0.56965553E-01   1.0375833    
   8.2400000      0.57518911E-01   1.0290248    
   8.2500000      0.58082590E-01   1.0205539    
   8.2600000      0.58656736E-01   1.0121700    
   8.2700000      0.59241498E-01   1.0038725    
   8.2800000      0.59837029E-01  0.99566061    
   8.2900000      0.60443484E-01  0.98753371    
   8.3000000      0.61061022E-01  0.97949112    
   8.3100000      0.61689805E-01  0.97153219    
   8.3200000      0.62329997E-01  0.96365628    
   8.3300000      0.62981768E-01  0.95586273    
   8.3400000      0.63645287E-01  0.94815093    
   8.3500000      0.64320731E-01  0.94052023    
   8.3600000      0.65008278E-01  0.93297001    
   8.3700000      0.65708108E-01  0.92549967    
   8.3800000      0.66420407E-01  0.91810859    
   8.3900000      0.67145365E-01  0.91079617    
   8.4000000      0.67883172E-01  0.90356181    
   8.4100000      0.68634025E-01  0.89640493    
   8.4200000      0.69398122E-01  0.88932495    
   8.4300000      0.70175668E-01  0.88232129    
   8.4400000      0.70966869E-01  0.87539339    
   8.4500000      0.71771935E-01  0.86854068    
   8.4600000      0.72591082E-01  0.86176260    
   8.4700000      0.73424526E-01  0.85505862    
   8.4800000      0.74272492E-01  0.84842819    
   8.4900000      0.75135205E-01  0.84187077    
   8.5000000      0.76012895E-01  0.83538584    
   8.5100000      0.76905797E-01  0.82897289    
   8.5200000      0.77814151E-01  0.82263139    
   8.5300000      0.78738198E-01  0.81636083    
   8.5400000      0.79678186E-01  0.81016073    
   8.5500000      0.80634367E-01  0.80403058    
   8.5600000      0.81606997E-01  0.79796991    
   8.5700000      0.82596336E-01  0.79197822    
   8.5800000      0.83602650E-01  0.78605506    
   8.5900000      0.84626207E-01  0.78019995    
   8.6000000      0.85667283E-01  0.77441243    
   8.6100000      0.86726156E-01  0.76869206    
   8.6200000      0.87803110E-01  0.76303838    
   8.6300000      0.88898434E-01  0.75745097    
   8.6400000      0.90012422E-01  0.75192939    
   8.6500000      0.91145372E-01  0.74647322    
   8.6600000      0.92297587E-01  0.74108205    
   8.6700000      0.93469377E-01  0.73575545    
   8.6800000      0.94661056E-01  0.73049304    
   8.6900000      0.95872942E-01  0.72529442    
   8.7000000      0.97105360E-01  0.72015919    
   8.7100000      0.98358641E-01  0.71508699    
   8.7200000      0.99633119E-01  0.71007743    
   8.7300000      0.10092914      0.70513015    
   8.7400000      0.10224704      0.70024480    
   8.7500000      0.10358718      0.69542102    
   8.7600000      0.10494991      0.69065847    
   8.7700000      0.10633560      0.68595681    
   8.7800000      0.10774463      0.68131572    
   8.7900000      0.10917735      0.67673488    
   8.8000000      0.11063417      0.67221397    
   8.8100000      0.11211545      0.66775269    
   8.8200000      0.11362161      0.66335074    
   8.8300000      0.11515303      0.65900784    
   8.8400000      0.11671013      0.65472370    
   8.8500000      0.11829332      0.65049805    
   8.8600000      0.11990301      0.64633062    
   8.8700000      0.12153964      0.64222117    
   8.8800000      0.12320364      0.63816944    
   8.8900000      0.12489544      0.63417519    
   8.9000000      0.12661549      0.63023820    
   8.9100000      0.12836425      0.62635823    
   8.9200000      0.13014218      0.62253508    
   8.9300000      0.13194973      0.61876855    
   8.9400000      0.13378740      0.61505843    
   8.9500000      0.13565565      0.61140454    
   8.9600000      0.13755498      0.60780671    
   8.9700000      0.13948588      0.60426477    
   8.9800000      0.14144885      0.60077855    
   8.9900000      0.14344442      0.59734791    
   9.0000000      0.14547308      0.59397272    
   9.0100000      0.14753537      0.59065284    
   9.0200000      0.14963183      0.58738816    
   9.0300000      0.15176299      0.58417856    
   9.0400000      0.15392940      0.58102396    
   9.0500000      0.15613162      0.57792425    
   9.0600000      0.15837021      0.57487938    
   9.0700000      0.16064574      0.57188927    
   9.0800000      0.16295880      0.56895388    
   9.0900000      0.16530997      0.56607315    
   9.1000000      0.16769985      0.56324706    
   9.1100000      0.17012904      0.56047559    
   9.1200000      0.17259815      0.55775874    
   9.1300000      0.17510781      0.55509651    
   9.1400000      0.17765864      0.55248892    
   9.1500000      0.18025128      0.54993601    
   9.1600000      0.18288637      0.54743782    
   9.1700000      0.18556458      0.54499441    
   9.1800000      0.18828655      0.54260586    
   9.1900000      0.19105295      0.54027225    
   9.2000000      0.19386448      0.53799369    
   9.2100000      0.19672181      0.53577029    
   9.2200000      0.19962563      0.53360219    
   9.2300000      0.20257665      0.53148954    
   9.2400000      0.20557559      0.52943250    
   9.2500000      0.20862315      0.52743126    
   9.2600000      0.21172007      0.52548601    
   9.2700000      0.21486708      0.52359697    
   9.2800000      0.21806493      0.52176437    
   9.2900000      0.22131436      0.51998848    
   9.3000000      0.22461614      0.51826955    
   9.3100000      0.22797102      0.51660789    
   9.3200000      0.23137980      0.51500380    
   9.3300000      0.23484325      0.51345762    
   9.3400000      0.23836215      0.51196970    
   9.3500000      0.24193732      0.51054041    
   9.3600000      0.24556954      0.50917015    
   9.3700000      0.24925964      0.50785935    
   9.3800000      0.25300842      0.50660845    
   9.3900000      0.25681673      0.50541791    
   9.4000000      0.26068538      0.50428824    
   9.4100000      0.26461521      0.50321996    
   9.4200000      0.26860707      0.50221361    
   9.4300000      0.27266181      0.50126977    
   9.4400000      0.27678029      0.50038905    
   9.4500000      0.28096336      0.49957208    
   9.4600000      0.28521188      0.49881953    
   9.4700000      0.28952674      0.49813208    
   9.4800000      0.29390879      0.49751049    
   9.4900000      0.29835893      0.49695550    
   9.5000000      0.30287802      0.49646792    
   9.5100000      0.30746696      0.49604858    
   9.5200000      0.31212662      0.49569836    
   9.5300000      0.31685791      0.49541816    
   9.5400000      0.32166169      0.49520895    
   9.5500000      0.32653887      0.49507171    
   9.5600000      0.33149034      0.49500748    
   9.5700000      0.33651698      0.49501734    
   9.5800000      0.34161968      0.49510242    
   9.5900000      0.34679933      0.49526389    
   9.6000000      0.35205680      0.49550299    
   9.6100000      0.35739299      0.49582098    
   9.6200000      0.36280875      0.49621920    
   9.6300000      0.36830497      0.49669903    
   9.6400000      0.37388250      0.49726191    
   9.6500000      0.37954220      0.49790936    
   9.6600000      0.38528492      0.49864292    
   9.6700000      0.39111148      0.49946423    
   9.6800000      0.39702273      0.50037498    
   9.6900000      0.40301946      0.50137694    
   9.7000000      0.40910247      0.50247195    
   9.7100000      0.41527256      0.50366191    
   9.7200000      0.42153049      0.50494881    
   9.7300000      0.42787700      0.50633471    
   9.7400000      0.43431283      0.50782178    
   9.7500000      0.44083867      0.50941225    
   9.7600000      0.44745522      0.51110845    
   9.7700000      0.45416313      0.51291279    
   9.7800000      0.46096303      0.51482781    
   9.7900000      0.46785552      0.51685612    
   9.8000000      0.47484116      0.51900046    
   9.8100000      0.48192048      0.52126365    
   9.8200000      0.48909398      0.52364865    
   9.8300000      0.49636211      0.52615852    
   9.8400000      0.50372529      0.52879647    
   9.8500000      0.51118388      0.53156581    
   9.8600000      0.51873819      0.53447000    
   9.8700000      0.52638848      0.53751264    
   9.8800000      0.53413497      0.54069745    
   9.8900000      0.54197781      0.54402833    
   9.9000000      0.54991708      0.54750934    
   9.9100000      0.55795279      0.55114466    
   9.9200000      0.56608491      0.55493869    
   9.9300000      0.57431329      0.55889598    
   9.9400000      0.58263773      0.56302127    
   9.9500000      0.59105793      0.56731948    
   9.9600000      0.59957353      0.57179574    
   9.9700000      0.60818403      0.57645539    
   9.9800000      0.61688886      0.58130398    
   9.9900000      0.62568733      0.58634727    
   10.000000      0.63457866      0.59159128    
