   1     0.0000000       0.0000000       0.0000000       25.980762       15.000000    
   2    0.10000000E-01  0.25722678      0.14802270       25.466309       14.605855    
   2    0.20000000E-01  0.50936013      0.29214311       24.962042       14.219514    
   2    0.30000000E-01  0.75650090      0.43243848       24.467760       13.840823    
   2    0.40000000E-01  0.99874796      0.56898456       23.983266       13.469631    
   2    0.50000000E-01   1.2361982      0.70185560       23.508366       13.105789    
   2    0.60000000E-01   1.4689466      0.83112435       23.042869       12.749151    
   2    0.70000000E-01   1.6970863      0.95686216       22.586590       12.399576    
   2    0.80000000E-01   1.9207085       1.0791389       22.139345       12.056922    
   2    0.90000000E-01   2.1399027       1.1980232       21.700957       11.721054    
   2    0.10000000       2.3547566       1.3135822       21.271249       11.391836    
   2    0.11000000       2.5653561       1.4258817       20.850050       11.069137    
   2    0.12000000       2.7717854       1.5349862       20.437191       10.752828    
   2    0.13000000       2.9741271       1.6409591       20.032508       10.442782    
   2    0.14000000       3.1724623       1.7438623       19.635838       10.138875    
   2    0.15000000       3.3668701       1.8437567       19.247022       9.8409867    
   2    0.16000000       3.5574284       1.9407017       18.865905       9.5489966    
   2    0.17000000       3.7442133       2.0347559       18.492335       9.2627883    
   2    0.18000000       3.9272997       2.1259764       18.126163       8.9822473    
   2    0.19000000       4.1067608       2.2144193       17.767241       8.7072614    
   2    0.20000000       4.2826682       2.3001397       17.415426       8.4377205    
   2    0.21000000       4.4550925       2.3831915       17.070577       8.1735169    
   2    0.22000000       4.6241025       2.4636275       16.732557       7.9145450    
   2    0.23000000       4.7897659       2.5414995       16.401230       7.6607010    
   2    0.24000000       4.9521490       2.6168583       16.076464       7.4118834    
   2    0.25000000       5.1113167       2.6897536       15.758129       7.1679928    
   2    0.26000000       5.2673326       2.7602342       15.446097       6.9289315    
   2    0.27000000       5.4202592       2.8283480       15.140244       6.6946040    
   2    0.28000000       5.5701577       2.8941418       14.840447       6.4649164    
   2    0.29000000       5.7170879       2.9576615       14.546586       6.2397770    
   2    0.30000000       5.8611088       3.0189522       14.258545       6.0190956    
   2    0.31000000       6.0022778       3.0780580       13.976206       5.8027840    
   2    0.32000000       6.1406515       3.1350221       13.699459       5.5907557    
   2    0.33000000       6.2762853       3.1898871       13.428192       5.3829258    
   2    0.34000000       6.4092333       3.2426944       13.162296       5.1792112    
   2    0.35000000       6.5395487       3.2934848       12.901665       4.9795305    
   2    0.36000000       6.6672838       3.3422982       12.646195       4.7838037    
   2    0.37000000       6.7924895       3.3891738       12.395783       4.5919525    
   2    0.38000000       6.9152160       3.4341499       12.150330       4.4039002    
   2    0.39000000       7.0355123       3.4772642       11.909738       4.2195717    
   2    0.40000000       7.1534266       3.5185535       11.673909       4.0388930    
   2    0.41000000       7.2690060       3.5580540       11.442750       3.8617921    
   2    0.42000000       7.3822969       3.5958010       11.216168       3.6881980    
   2    0.43000000       7.4933444       3.6318294       10.994073       3.5180412    
   2    0.44000000       7.6021930       3.6661731       10.776376       3.3512539    
   2    0.45000000       7.7088863       3.6988655       10.562990       3.1877691    
   2    0.46000000       7.8134669       3.7299392       10.353828       3.0275215    
   2    0.47000000       7.9159766       3.7594265       10.148809       2.8704471    
   2    0.48000000       8.0164566       3.7873586       9.9478490       2.7164829    
   2    0.49000000       8.1149469       3.8137663       9.7508684       2.5655674    
   2    0.50000000       8.2114869       3.8386799       9.5577882       2.4176403    
   2    0.51000000       8.3061154       3.8621289       9.3685314       2.2726423    
   2    0.52000000       8.3988701       3.8841423       9.1830220       2.1305154    
   2    0.53000000       8.4897881       3.9047485       9.0011860       1.9912029    
   2    0.54000000       8.5789058       3.9239755       8.8229506       1.8546489    
   2    0.55000000       8.6662588       3.9418505       8.6482444       1.7207989    
   2    0.56000000       8.7518822       3.9584003       8.4769977       1.5895993    
   2    0.57000000       8.8358101       3.9736512       8.3091419       1.4609976    
   2    0.58000000       8.9180761       3.9876288       8.1446099       1.3349424    
   2    0.59000000       8.9987132       4.0003584       7.9833358       1.2113833    
   2    0.60000000       9.0777535       4.0118646       7.8252552       1.0902708    
   2    0.61000000       9.1552287       4.0221718       7.6703047      0.97155647    
   2    0.62000000       9.2311698       4.0313036       7.5184225      0.85519286    
   2    0.63000000       9.3056072       4.0392833       7.3695478      0.74113340    
   2    0.64000000       9.3785706       4.0461338       7.2236210      0.62933247    
   2    0.65000000       9.4500892       4.0518773       7.0805837      0.51974534    
   2    0.66000000       9.5201917       4.0565359       6.9403787      0.41232819    
   2    0.67000000       9.5889060       4.0601310       6.8029500      0.30703803    
   2    0.68000000       9.6562598       4.0626836       6.6682426      0.20383277    
   2    0.69000000       9.7222798       4.0642145       6.5362025      0.10267110    
   2    0.70000000       9.7869925       4.0647437       6.4067771      0.35125672E-02
   2    0.71000000       9.8504239       4.0642912       6.2799144     -0.93682494E-01
   2    0.72000000       9.9125992       4.0628765       6.1555637     -0.18895296    
   2    0.73000000       9.9735434       4.0605185       6.0336754     -0.28233695    
   2    0.74000000       10.033281       4.0572359       5.9142006     -0.37387181    
   2    0.75000000       10.091835       4.0530471       5.7970916     -0.46359416    
   2    0.76000000       10.149230       4.0479699       5.6823015     -0.55153989    
   2    0.77000000       10.205489       4.0420221       5.5697844     -0.63774418    
   2    0.78000000       10.260633       4.0352208       5.4594953     -0.72224150    
   2    0.79000000       10.314686       4.0275828       5.3513900     -0.80506567    
   2    0.80000000       10.367668       4.0191249       5.2454254     -0.88624981    
   2    0.81000000       10.419602       4.0098632       5.1415590     -0.96582639    
   2    0.82000000       10.470506       3.9998136       5.0397493      -1.0438273    
   2    0.83000000       10.520403       3.9889918       4.9399556      -1.1202836    
   2    0.84000000       10.569312       3.9774130       4.8421379      -1.1952260    
   2    0.85000000       10.617252       3.9650922       4.7462572      -1.2686845    
   2    0.86000000       10.664244       3.9520442       4.6522750      -1.3406883    
   2    0.87000000       10.710304       3.9382832       4.5601538      -1.4112664    
   2    0.88000000       10.755453       3.9238235       4.4698567      -1.4804470    
   2    0.89000000       10.799707       3.9086788       4.3813476      -1.5482577    
   2    0.90000000       10.843086       3.8928628       4.2945911      -1.6147256    
   2    0.91000000       10.885605       3.8763887       4.2095525      -1.6798774    
   2    0.92000000       10.927282       3.8592696       4.1261978      -1.7437391    
   2    0.93000000       10.968134       3.8415181       4.0444936      -1.8063363    
   2    0.94000000       11.008177       3.8231470       3.9644072      -1.8676939    
   2    0.95000000       11.047428       3.8041683       3.8859067      -1.9278366    
   2    0.96000000       11.085901       3.7845942       3.8089606      -1.9867884    
   2    0.97000000       11.123612       3.7644364       3.7335381      -2.0445729    
   2    0.98000000       11.160576       3.7437066       3.6596091      -2.1012131    
   2    0.99000000       11.196809       3.7224159       3.5871440      -2.1567318    
   2     1.0000000       11.232324       3.7005756       3.5161138      -2.2111512    
   2     1.0100000       11.267136       3.6781965       3.4464901      -2.2644930    
   2     1.0200000       11.301259       3.6552893       3.3782450      -2.3167785    
   2     1.0300000       11.334705       3.6318644       3.3113513      -2.3680287    
   2     1.0400000       11.367490       3.6079321       3.2457821      -2.4182641    
   2     1.0500000       11.399625       3.5835024       3.1815113      -2.4675048    
   2     1.0600000       11.431124       3.5585852       3.1185132      -2.5157704    
   2     1.0700000       11.462000       3.5331902       3.0567625      -2.5630803    
   2     1.0800000       11.492264       3.5073267       2.9962345      -2.6094535    
   2     1.0900000       11.521928       3.4810042       2.9369051      -2.6549083    
   2     1.1000000       11.551006       3.4542316       2.8787505      -2.6994631    
   2     1.1100000       11.579507       3.4270178       2.8217474      -2.7431357    
   2     1.1200000       11.607445       3.3993717       2.7658731      -2.7859435    
   2     1.1300000       11.634828       3.3713018       2.7111051      -2.8279036    
   2     1.1400000       11.661670       3.3428164       2.6574216      -2.8690329    
   2     1.1500000       11.687980       3.3139239       2.6048012      -2.9093477    
   2     1.1600000       11.713770       3.2846321       2.5532226      -2.9488643    
   2     1.1700000       11.739048       3.2549492       2.5026655      -2.9875984    
   2     1.1800000       11.763826       3.2248827       2.4531094      -3.0255655    
   2     1.1900000       11.788114       3.1944404       2.4045345      -3.0627808    
   2     1.2000000       11.811920       3.1636296       2.3569216      -3.0992591    
   2     1.2100000       11.835255       3.1324576       2.3102514      -3.1350152    
   2     1.2200000       11.858128       3.1009316       2.2645053      -3.1700633    
   2     1.2300000       11.880548       3.0690587       2.2196651      -3.2044173    
   2     1.2400000       11.902525       3.0368455       2.1757128      -3.2380911    
   2     1.2500000       11.924066       3.0042991       2.1326308      -3.2710981    
   2     1.2600000       11.945180       2.9714258       2.0904019      -3.3034515    
   2     1.2700000       11.965876       2.9382322       2.0490092      -3.3351643    
   2     1.2800000       11.986163       2.9047246       2.0084361      -3.3662491    
   2     1.2900000       12.006048       2.8709092       1.9686664      -3.3967184    
   2     1.3000000       12.025539       2.8367922       1.9296842      -3.4265844    
   2     1.3100000       12.044644       2.8023795       1.8914739      -3.4558590    
   2     1.3200000       12.063371       2.7676770       1.8540202      -3.4845539    
   2     1.3300000       12.081727       2.7326903       1.8173081      -3.5126806    
   2     1.3400000       12.099720       2.6974252       1.7813230      -3.5402504    
   2     1.3500000       12.117356       2.6618871       1.7460504      -3.5672743    
   2     1.3600000       12.134643       2.6260815       1.7114763      -3.5937630    
   2     1.3700000       12.151588       2.5900136       1.6775868      -3.6197272    
   2     1.3800000       12.168197       2.5536887       1.6443684      -3.6451774    
   2     1.3900000       12.184477       2.5171118       1.6118077      -3.6701235    
   2     1.4000000       12.200435       2.4802879       1.5798918      -3.6945757    
   2     1.4100000       12.216077       2.4432219       1.5486078      -3.7185437    
   2     1.4200000       12.231409       2.4059186       1.5179433      -3.7420371    
   2     1.4300000       12.246438       2.3683827       1.4878860      -3.7650653    
   2     1.4400000       12.261169       2.3306188       1.4584239      -3.7876375    
   2     1.4500000       12.275608       2.2926314       1.4295452      -3.8097628    
   2     1.4600000       12.289762       2.2544250       1.4012383      -3.8314500    
   2     1.4700000       12.303635       2.2160038       1.3734919      -3.8527077    
   2     1.4800000       12.317234       2.1773722       1.3462950      -3.8735445    
   2     1.4900000       12.330563       2.1385343       1.3196365      -3.8939686    
   2     1.5000000       12.343628       2.0994942       1.2935060      -3.9139884    
   2     1.5100000       12.356435       2.0602559       1.2678928      -3.9336117    
   2     1.5200000       12.368988       2.0208233       1.2427869      -3.9528465    
   2     1.5300000       12.381292       1.9812002       1.2181781      -3.9717004    
   2     1.5400000       12.393353       1.9413905       1.1940565      -3.9901810    
   2     1.5500000       12.405175       1.9013978       1.1704126      -4.0082956    
   2     1.5600000       12.416763       1.8612258       1.1472369      -4.0260516    
   2     1.5700000       12.428121       1.8208780       1.1245201      -4.0434559    
   2     1.5800000       12.439255       1.7803578       1.1022531      -4.0605156    
   2     1.5900000       12.450168       1.7396688       1.0804270      -4.0772375    
   2     1.6000000       12.460864       1.6988142       1.0590331      -4.0936283    
   2     1.6100000       12.471350       1.6577973       1.0380629      -4.1096946    
   2     1.6200000       12.481627       1.6166213       1.0175078      -4.1254427    
   2     1.6300000       12.491701       1.5752895      0.99735984      -4.1408789    
   2     1.6400000       12.501576       1.5338048      0.97761079      -4.1560095    
   2     1.6500000       12.511255       1.4921703      0.95825280      -4.1708406    
   2     1.6600000       12.520742       1.4503889      0.93927812      -4.1853779    
   2     1.6700000       12.530041       1.4084637      0.92067917      -4.1996274    
   2     1.6800000       12.539157       1.3663973      0.90244850      -4.2135947    
   2     1.6900000       12.548092       1.3241927      0.88457882      -4.2272854    
   2     1.7000000       12.556850       1.2818525      0.86706299      -4.2407051    
   2     1.7100000       12.565434       1.2393795      0.84989399      -4.2538590    
   2     1.7200000       12.573849       1.1967762      0.83306496      -4.2667524    
   2     1.7300000       12.582096       1.1540453      0.81656917      -4.2793906    
   2     1.7400000       12.590181       1.1111892      0.80040002      -4.2917785    
   2     1.7500000       12.598106       1.0682105      0.78455104      -4.3039211    
   2     1.7600000       12.605873       1.0251116      0.76901588      -4.3158232    
   2     1.7700000       12.613487      0.98189486      0.75378835      -4.3274897    
   2     1.7800000       12.620950      0.93856260      0.73886234      -4.3389252    
   2     1.7900000       12.628265      0.89511711      0.72423189      -4.3501342    
   2     1.8000000       12.635435      0.85156065      0.70989113      -4.3611213    
   2     1.8100000       12.642464      0.80789541      0.69583435      -4.3718908    
   2     1.8200000       12.649353      0.76412355      0.68205590      -4.3824471    
   2     1.8300000       12.656106      0.72024717      0.66855029      -4.3927943    
   2     1.8400000       12.662725      0.67626834      0.65531211      -4.4029367    
   2     1.8500000       12.669213      0.63218910      0.64233606      -4.4128782    
   2     1.8600000       12.675573      0.58801144      0.62961695      -4.4226229    
   2     1.8700000       12.681806      0.54373729      0.61714970      -4.4321746    
   2     1.8800000       12.687916      0.49936857      0.60492932      -4.4415371    
   2     1.8900000       12.693906      0.45490716      0.59295092      -4.4507143    
   2     1.9000000       12.699776      0.41035489      0.58120970      -4.4597098    
   2     1.9100000       12.705531      0.36571356      0.56970098      -4.4685271    
   2     1.9200000       12.711171      0.32098493      0.55842014      -4.4771699    
   2     1.9300000       12.716700      0.27617073      0.54736268      -4.4856415    
   2     1.9400000       12.722119      0.23127266      0.53652418      -4.4939453    
   2     1.9500000       12.727431      0.18629238      0.52590029      -4.5020848    
   2     1.9600000       12.732638      0.14123150      0.51548676      -4.5100630    
   2     1.9700000       12.737741      0.96091643E-01  0.50527944      -4.5178833    
   2     1.9800000       12.742744      0.50874355E-01  0.49527424      -4.5255487    
   2     1.9900000       12.747647      0.55811745E-02  0.48546715      -4.5330623    
