   1     0.0000000       6578.0000       0.0000000       7787.8266       95.150986    
   2    0.10000000E-02   6580.7359      0.95126635E-01  -2316.8259       95.077938    
   2    0.20000000E-02   6573.3675      0.19010721      -12417.921       94.858905    
   2    0.30000000E-02   6555.9064      0.28479589      -22499.950       94.494225    
   2    0.40000000E-02   6528.3792      0.37904730      -32547.432       93.984457    
   2    0.50000000E-02   6490.8282      0.47271670      -42544.939       93.330383    
   2    0.60000000E-02   6443.3110      0.56566029      -52477.123       92.533009    
   2    0.70000000E-02   6385.9008      0.65773536      -62328.733       91.593558    
   2    0.80000000E-02   6318.6855      0.74880053      -72084.642       90.513473    
   2    0.90000000E-02   6241.7684      0.83871598      -81729.871       89.294412    
   2    0.10000000E-01   6155.2676      0.92734365      -91249.611       87.938247    
   2    0.11000000E-01   6059.3159       1.0145475      -100629.24       86.447060    
   2    0.12000000E-01   5954.0606       1.1001935      -109854.37       84.823141    
   2    0.13000000E-01   5839.6634       1.1841503      -118910.82       83.068983    
   2    0.14000000E-01   5716.2998       1.2662890      -127784.70       81.187279    
   2    0.15000000E-01   5584.1594       1.3464833      -136462.37       79.180920    
   2    0.16000000E-01   5443.4449       1.4246103      -144930.52       77.052984    
   2    0.17000000E-01   5294.3725       1.5005499      -153176.14       74.806741    
   2    0.18000000E-01   5137.1710       1.5741855      -161186.57       72.445638    
   2    0.19000000E-01   4972.0819       1.6454041      -168949.51       69.973300    
   2    0.20000000E-01   4799.3585       1.7140963      -176453.04       67.393525    
   2    0.21000000E-01   4619.2661       1.7801566      -183685.65       64.710272    
   2    0.22000000E-01   4432.0812       1.8434837      -190636.22       61.927663    
   2    0.23000000E-01   4238.0912       1.9039802      -197294.08       59.049968    
   2    0.24000000E-01   4037.5940       1.9615534      -203649.02       56.081607    
   2    0.25000000E-01   3830.8974       2.0161148      -209691.27       53.027138    
   2    0.26000000E-01   3618.3188       2.0675805      -215411.55       49.891250    
   2    0.27000000E-01   3400.1846       2.1158717      -220801.09       46.678758    
   2    0.28000000E-01   3176.8296       2.1609142      -225851.61       43.394595    
   2    0.29000000E-01   2948.5969       2.2026387      -230555.36       40.043803    
   2    0.30000000E-01   2715.8369       2.2409813      -234905.10       36.631527    
   2    0.31000000E-01   2478.9070       2.2758830      -238894.17       33.163007    
   2    0.32000000E-01   2238.1709       2.3072903      -242516.43       29.643568    
   2    0.33000000E-01   1993.9982       2.3351550      -245766.33       26.078613    
   2    0.34000000E-01   1746.7640       2.3594342      -248638.88       22.473617    
   2    0.35000000E-01   1496.8477       2.3800907      -251129.67       18.834114    
   2    0.36000000E-01   1244.6332       2.3970928      -253234.86       15.165694    
   2    0.37000000E-01   990.50762       2.4104143      -254951.24       11.473987    
   2    0.38000000E-01   734.86121       2.4200349      -256276.16       7.7646635    
   2    0.39000000E-01   478.08648       2.4259397      -257207.58       4.0434178    
   2    0.40000000E-01   220.57769       2.4281196      -257744.09      0.31596381    
   2    0.41000000E-01  -37.269778       2.4265714      -257884.85      -3.4119753    
   2    0.42000000E-01  -295.06002       2.4212974      -257629.66      -7.1346757    
   2    0.43000000E-01  -552.39723       2.4123057      -256978.89      -10.846421    
   2    0.44000000E-01  -808.88627       2.3996101      -255933.55      -14.541513    
   2    0.45000000E-01  -1064.1333       2.3832302      -254495.25      -18.214278    
   2    0.46000000E-01  -1317.7465       2.3631909      -252666.20      -21.859076    
   2    0.47000000E-01  -1569.3364       2.3395232      -250449.19      -25.470311    
   2    0.48000000E-01  -1818.5167       2.3122633      -247847.65      -29.042439    
   2    0.49000000E-01  -2064.9049       2.2814532      -244865.55      -32.569975    
   2    0.50000000E-01  -2308.1225       2.2471400      -241507.48      -36.047502    
   2    0.51000000E-01  -2547.7962       2.2093766      -237778.60      -39.469681    
   2    0.52000000E-01  -2783.5580       2.1682209      -233684.63      -42.831258    
   2    0.53000000E-01  -3015.0459       2.1237360      -229231.86      -46.127071    
   2    0.54000000E-01  -3241.9044       2.0759904      -224427.11      -49.352060    
   2    0.55000000E-01  -3463.7852       2.0250572      -219277.79      -52.501273    
   2    0.56000000E-01  -3680.3477       1.9710147      -213791.77      -55.569874    
   2    0.57000000E-01  -3891.2593       1.9139459      -207977.50      -58.553153    
   2    0.58000000E-01  -4096.1963       1.8539383      -201843.90      -61.446528    
   2    0.59000000E-01  -4294.8438       1.7910843      -195400.38      -64.245558    
   2    0.60000000E-01  -4486.8970       1.7254801      -188656.84      -66.945943    
   2    0.61000000E-01  -4672.0610       1.6572266      -181623.64      -69.543539    
   2    0.62000000E-01  -4850.0513       1.5864286      -174311.57      -72.034356    
   2    0.63000000E-01  -5020.5949       1.5131948      -166731.85      -74.414571    
   2    0.64000000E-01  -5183.4297       1.4376376      -158896.14      -76.680529    
   2    0.65000000E-01  -5338.3058       1.3598730      -150816.45      -78.828750    
   2    0.66000000E-01  -5484.9854       1.2800204      -142505.19      -80.855936    
   2    0.67000000E-01  -5623.2433       1.1982025      -133975.13      -82.758974    
   2    0.68000000E-01  -5752.8671       1.1145448      -125239.37      -84.534943    
   2    0.69000000E-01  -5873.6579       1.0291759      -116311.31      -86.181116    
   2    0.70000000E-01  -5985.4302      0.94222671      -107204.66      -87.694965    
   2    0.71000000E-01  -6088.0123      0.85383083      -97933.409      -89.074166    
   2    0.72000000E-01  -6181.2469      0.76412397      -88511.790      -90.316601    
   2    0.73000000E-01  -6264.9906      0.67324386      -78954.268      -91.420362    
   2    0.74000000E-01  -6339.1150      0.58133004      -69275.518      -92.383755    
   2    0.75000000E-01  -6403.5062      0.48852363      -59490.402      -93.205300    
   2    0.76000000E-01  -6458.0654      0.39496714      -49613.943      -93.883737    
   2    0.77000000E-01  -6502.7087      0.30080421      -39661.307      -94.418023    
   2    0.78000000E-01  -6537.3677      0.20617942      -29647.773      -94.807338    
   2    0.79000000E-01  -6561.9891      0.11123806      -19588.718      -95.051084    
   2    0.80000000E-01  -6576.5351      0.16125906E-01  -9499.5862      -95.148887    
   2    0.81000000E-01  -6580.9834     -0.79011011E-01   604.13148      -95.100598    
   2    0.82000000E-01  -6575.3271     -0.17402661       10706.922      -94.906289    
   2    0.83000000E-01  -6559.5750     -0.26877501       20793.272      -94.566260    
   2    0.84000000E-01  -6533.7512     -0.36311073       30847.696      -94.081032    
   2    0.85000000E-01  -6497.8954     -0.45688892       40854.756      -93.451350    
   2    0.86000000E-01  -6452.0626     -0.54996560       50799.088      -92.678182    
   2    0.87000000E-01  -6396.3232     -0.64219785       60665.421      -91.762714    
   2    0.88000000E-01  -6330.7628     -0.73344406       70438.608      -90.706353    
   2    0.89000000E-01  -6255.4821     -0.82356413       80103.642      -89.510719    
   2    0.90000000E-01  -6170.5965     -0.91241969       89645.684      -88.177649    
   2    0.91000000E-01  -6076.2366     -0.99987430       99050.082      -86.709190    
   2    0.92000000E-01  -5972.5471      -1.0857937       108302.40      -85.107596    
   2    0.93000000E-01  -5859.6872      -1.1700459       117388.42      -83.375327    
   2    0.94000000E-01  -5737.8303      -1.2525017       126294.21      -81.515042    
   2    0.95000000E-01  -5607.1634      -1.3330343       135006.08      -79.529597    
   2    0.96000000E-01  -5467.8873      -1.4115202       143510.66      -77.422041    
   2    0.97000000E-01  -5320.2156      -1.4878387       151794.90      -75.195611    
   2    0.98000000E-01  -5164.3752      -1.5618729       159846.06      -72.853723    
   2    0.99000000E-01  -5000.6053      -1.6335089       167651.79      -70.399975    
   2    0.10000000      -4829.1574      -1.7026368       175200.11      -67.838134    
   2    0.10100000      -4650.2947      -1.7691505       182479.43      -65.172133    
   2    0.10200000      -4464.2919      -1.8329477       189478.56      -62.406065    
   2    0.10300000      -4271.4346      -1.8939306       196186.76      -59.544179    
   2    0.10400000      -4072.0188      -1.9520056       202593.74      -56.590867    
   2    0.10500000      -3866.3508      -2.0070834       208689.65      -53.550665    
   2    0.10600000      -3654.7463      -2.0590795       214465.13      -50.428240    
   2    0.10700000      -3437.5303      -2.1079141       219911.32      -47.228387    
   2    0.10800000      -3215.0362      -2.1535121       225019.86      -43.956018    
   2    0.10900000      -2987.6058      -2.1958036       229782.90      -40.616159    
   2    0.11000000      -2755.5881      -2.2347236       234193.12      -37.213937    
   2    0.11100000      -2519.3394      -2.2702124       238243.76      -33.754577    
   2    0.11200000      -2279.2225      -2.3022155       241928.60      -30.243389    
   2    0.11300000      -2035.6060      -2.3306837       245241.97      -26.685764    
   2    0.11400000      -1788.8640      -2.3555734       248178.80      -23.087166    
   2    0.11500000      -1539.3754      -2.3768463       250734.57      -19.453120    
   2    0.11600000      -1287.5232      -2.3944697       252905.36      -15.789205    
   2    0.11700000      -1033.6942      -2.4084166       254687.83      -12.101047    
   2    0.11800000      -778.27793      -2.4186656       256079.26      -8.3943089    
   2    0.11900000      -521.66672      -2.4252009       257077.49      -4.6746820    
   2    0.12000000      -264.25453      -2.4280125       257681.00     -0.94787750    
   2    0.12100000      -6.4366025      -2.4270962       257888.87       2.7803824    
   2    0.12200000       251.39121      -2.4224532       257700.76       6.5043732    
   2    0.12300000       508.83303      -2.4140908       257116.98       10.218377    
   2    0.12400000       765.49358      -2.4020217       256138.42       13.916692    
   2    0.12500000       1020.9788      -2.3862645       254766.58       17.593638    
   2    0.12600000       1274.8963      -2.3668434       253003.57       21.243571    
   2    0.12700000       1526.8564      -2.3437882       250852.09       24.860886    
   2    0.12800000       1776.4721      -2.3171344       248315.45       28.440030    
   2    0.12900000       2023.3602      -2.2869227       245397.54       31.975506    
   2    0.13000000       2267.1416      -2.2531997       242102.85       35.461886    
   2    0.13100000       2507.4420      -2.2160171       238436.42       38.893818    
   2    0.13200000       2743.8924      -2.1754320       234403.90       42.266032    
   2    0.13300000       2976.1298      -2.1315067       230011.47       45.573349    
   2    0.13400000       3203.7976      -2.0843086       225265.87       48.810693    
   2    0.13500000       3426.5463      -2.0339103       220174.40       51.973092    
   2    0.13600000       3644.0338      -1.9803890       214744.87       55.055690    
   2    0.13700000       3855.9261      -1.9238271       208985.62       58.053755    
   2    0.13800000       4061.8980      -1.8643112       202905.49       60.962684    
   2    0.13900000       4261.6332      -1.8019329       196513.81       63.778009    
   2    0.14000000       4454.8251      -1.7367879       189820.40       66.495409    
   2    0.14100000       4641.1769      -1.6689761       182835.54       69.110710    
   2    0.14200000       4820.4026      -1.5986018       175569.95       71.619898    
   2    0.14300000       4992.2269      -1.5257730       168034.79       74.019120    
   2    0.14400000       5156.3861      -1.4506015       160241.62       76.304691    
   2    0.14500000       5312.6282      -1.3732027       152202.42       78.473103    
   2    0.14600000       5460.7131      -1.2936954       143929.52       80.521026    
   2    0.14700000       5600.4135      -1.2122018       135435.63       82.445316    
   2    0.14800000       5731.5150      -1.1288470       126733.80       84.243018    
   2    0.14900000       5853.8163      -1.0437589       117837.37       85.911372    
   2    0.15000000       5967.1295     -0.95706821       108760.01       87.447816    
   2    0.15100000       6071.2806     -0.86890803       99515.661       88.849991    
   2    0.15200000       6166.1098     -0.77941371       90118.514       90.115745    
   2    0.15300000       6251.4715     -0.68872266       80582.997       91.243133    
   2    0.15400000       6327.2346     -0.59697414       70923.752       92.230426    
   2    0.15500000       6393.2827     -0.50430902       61155.609       93.076106    
   2    0.15600000       6449.5145     -0.41086957       51293.567       93.778876    
   2    0.15700000       6495.8436     -0.31679927       41352.769       94.337656    
   2    0.15800000       6532.1989     -0.22224254       31348.476       94.751589    
   2    0.15900000       6558.5245     -0.12734459       21296.051       95.020038    
   2    0.16000000       6574.7801     -0.32251101E-01   11210.927       95.142592    
   2    0.16100000       6580.9406      0.62891902E-01   1108.5896       95.119063    
   2    0.16200000       6576.9967      0.15793834      -8995.4498       94.949487    
   2    0.16300000       6562.9543      0.25274228      -19085.677       94.634123    
   2    0.16400000       6538.8351      0.34715815      -29146.600       94.173457    
   2    0.16500000       6504.6760      0.44104099      -39162.771       93.568195    
   2    0.16600000       6460.5296      0.53424665      -49118.811       92.819267    
   2    0.16700000       6406.4636      0.62663202      -58999.433       91.927823    
   2    0.16800000       6342.5609      0.71805524      -68789.467       90.895232    
   2    0.16900000       6268.9198      0.80837596      -78473.880       89.723079    
   2    0.17000000       6185.6533      0.89745548      -88037.802       88.413163    
   2    0.17100000       6092.8893      0.98515703      -97466.551       86.967496    
   2    0.17200000       5990.7701       1.0713460      -106745.65       85.388298    
   2    0.17300000       5879.4526       1.1558899      -115860.84       83.677994    
   2    0.17400000       5759.1077       1.2386591      -124798.15       81.839209    
   2    0.17500000       5629.9202       1.3195265      -133543.83       79.874767    
   2    0.17600000       5492.0884       1.3983678      -142084.47       77.787684    
   2    0.17700000       5345.8240       1.4750620      -150406.96       75.581164    
   2    0.17800000       5191.3515       1.5494914      -158498.50       73.258596    
   2    0.17900000       5028.9081       1.6215417      -166346.68       70.823545    
   2    0.18000000       4858.7433       1.6911023      -173939.46       68.279751    
   2    0.18100000       4681.1182       1.7580663      -181265.16       65.631119    
   2    0.18200000       4496.3057       1.8223309      -188312.54       62.881716    
   2    0.18300000       4304.5895       1.8837975      -195070.79       60.035763    
   2    0.18400000       4106.2640       1.9423717      -201529.52       57.097630    
   2    0.18500000       3901.6336       1.9979635      -207678.82       54.071829    
   2    0.18600000       3691.0126       2.0504877      -213509.25       50.963005    
   2    0.18700000       3474.7244       2.0998635      -219011.85       47.775932    
   2    0.18800000       3253.1010       2.1460151      -224178.18       44.515503    
   2    0.18900000       3026.4828       2.1888717      -229000.30       41.186724    
   2    0.19000000       2795.2176       2.2283675      -233470.81       37.794706    
   2    0.19100000       2559.6607       2.2644418      -237582.85       34.344657    
   2    0.19200000       2320.1736       2.2970392      -241330.09       30.841876    
   2    0.19300000       2077.1240       2.3261097      -244706.80       27.291739    
   2    0.19400000       1830.8852       2.3516087      -247707.78       23.699698    
   2    0.19500000       1581.8352       2.3734970      -250328.42       20.071268    
   2    0.19600000       1330.3565       2.3917410      -252564.70       16.412020    
   2    0.19700000       1076.8351       2.4063126      -254413.20       12.727573    
   2    0.19800000       821.66031       2.4171896      -255871.06       9.0235840    
   2    0.19900000       565.22394       2.4243552      -256936.06       5.3057399    
   2    0.20000000       307.91971       2.4277984      -257606.55       1.5797494    
   2    0.20100000       50.142699       2.4275139      -257881.50      -2.1486668    
   2    0.20200000      -207.71130       2.4235021      -257760.51      -5.8737838    
   2    0.20300000      -465.24638       2.4157693      -257243.74      -9.5898821    
   2    0.20400000      -722.06712       2.4043273      -256332.00      -13.291256    
   2    0.20500000      -977.77918       2.3891936      -255026.68      -16.972222    
   2    0.20600000      -1231.9899       2.3703915      -253329.78      -20.627129    
   2    0.20700000      -1484.3091       2.3479499      -251243.93      -24.250365    
   2    0.20800000      -1734.3492       2.3219032      -248772.30      -27.836366    
   2    0.20900000      -1981.7264       2.2922914      -245918.71      -31.379627    
   2    0.21000000      -2226.0608       2.2591600      -242687.53      -34.874707    
   2    0.21100000      -2466.9772       2.2225598      -239083.73      -38.316240    
   2    0.21200000      -2704.1058       2.1825471      -235112.83      -41.698941    
   2    0.21300000      -2937.0825       2.1391833      -230780.94      -45.017617    
   2    0.21400000      -3165.5496       2.0925349      -226094.70      -48.267173    
   2    0.21500000      -3389.1562       2.0426737      -221061.31      -51.442618    
   2    0.21600000      -3607.5591       1.9896760      -215688.50      -54.539078    
   2    0.21700000      -3820.4228       1.9336234      -209984.52      -57.551797    
   2    0.21800000      -4027.4206       1.8746019      -203958.13      -60.476150    
   2    0.21900000      -4228.2347       1.8127021      -197618.57      -63.307648    
   2    0.22000000      -4422.5566       1.7480190      -190975.59      -66.041942    
   2    0.22100000      -4610.0881       1.6806520      -184039.38      -68.674833    
   2    0.22200000      -4790.5412       1.6107045      -176820.60      -71.202281    
   2    0.22300000      -4963.6388       1.5382839      -169330.32      -73.620403    
   2    0.22400000      -5129.1152       1.4635014      -161580.05      -75.925488    
   2    0.22500000      -5286.7162       1.3864718      -153581.68      -78.113995    
   2    0.22600000      -5436.1999       1.3073134      -145347.51      -80.182565    
   2    0.22700000      -5577.3368       1.2261477      -136890.16      -82.128021    
   2    0.22800000      -5709.9102       1.1430993      -128222.63      -83.947376    
   2    0.22900000      -5833.7164       1.0582959      -119358.23      -85.637838    
   2    0.23000000      -5948.5655      0.97186750      -110310.56      -87.196809    
   2    0.23100000      -6054.2811      0.88394690      -101093.52      -88.621897    
   2    0.23200000      -6150.7008      0.79466907      -91721.263      -89.910914    
   2    0.23300000      -6237.6767      0.70417109      -82208.172      -91.061880    
   2    0.23400000      -6315.0751      0.61259192      -72568.857      -92.073029    
   2    0.23500000      -6382.7773      0.52007216      -62818.119      -92.942806    
   2    0.23600000      -6440.6792      0.42675387      -52970.929      -93.669878    
   2    0.23700000      -6488.6920      0.33278034      -43042.407      -94.253128    
   2    0.23800000      -6526.7420      0.23829586      -33047.796      -94.691660    
   2    0.23900000      -6554.7707      0.14344549      -23002.444      -94.984801    
   2    0.24000000      -6572.7351      0.48374874E-01  -12921.773      -95.132101    
   2    0.24100000      -6580.6076     -0.46770019E-01  -2821.2618      -95.133333    
   2    0.24200000      -6578.3762     -0.14184310       7283.5812      -94.988496    
   2    0.24300000      -6566.0442     -0.23669839       17377.241      -94.697813    
   2    0.24400000      -6543.6306     -0.33119026       27444.219      -94.261728    
   2    0.24500000      -6511.1698     -0.42517360       37469.059      -93.680913    
   2    0.24600000      -6468.7116     -0.51850413       47436.369      -92.956259    
   2    0.24700000      -6416.3213     -0.61103854       57330.843      -92.088878    
   2    0.24800000      -6354.0793     -0.70263475       67137.292      -91.080102    
   2    0.24900000      -6282.0811     -0.79315213       76840.656      -89.931481    
   2    0.25000000      -6200.4373     -0.88245169       86426.038      -88.644777    
   2    0.25100000      -6109.2733     -0.97039631       95878.720      -87.221967    
   2    0.25200000      -6008.7289      -1.0568510       105184.19      -85.665234    
   2    0.25300000      -5898.9587      -1.1416829       114328.16      -83.976970    
   2    0.25400000      -5780.1312      -1.2247619       123296.58      -82.159766    
   2    0.25500000      -5652.4287      -1.3059604       132075.70      -80.216413    
   2    0.25600000      -5516.0474      -1.3851537       140652.02      -78.149895    
   2    0.25700000      -5371.1966      -1.4622202       149012.38      -75.963383    
   2    0.25800000      -5218.0989      -1.5370416       157143.95      -73.660237    
   2    0.25900000      -5056.9892      -1.6095030       165034.24      -71.243991    
   2    0.26000000      -4888.1149      -1.6794931       172671.13      -68.718356    
   2    0.26100000      -4711.7353      -1.7469045       180042.90      -66.087210    
   2    0.26200000      -4528.1212      -1.8116337       187138.22      -63.354592    
   2    0.26300000      -4337.5546      -1.8735813       193946.22      -60.524699    
   2    0.26400000      -4140.3281      -1.9326521       200456.42      -57.601875    
   2    0.26500000      -3936.7444      -1.9887555       206658.84      -54.590609    
   2    0.26600000      -3727.1162      -2.0418054       212543.95      -51.495523    
   2    0.26700000      -3511.7653      -2.0917202       218102.72      -48.321370    
   2    0.26800000      -3291.0223      -2.1384234       223326.61      -45.073024    
   2    0.26900000      -3065.2263      -2.1818432       228207.61      -41.755471    
   2    0.27000000      -2834.7239      -2.2219130       232738.20      -38.373807    
   2    0.27100000      -2599.8691      -2.2585712       236911.45      -34.933223    
   2    0.27200000      -2361.0223      -2.2917615       240720.94      -31.439002    
   2    0.27300000      -2118.5504      -2.3214331       244160.83      -27.896509    
   2    0.27400000      -1872.8256      -2.3475403       247225.82      -24.311184    
   2    0.27500000      -1624.2253      -2.3700430       249911.22      -20.688530    
   2    0.27600000      -1373.1311      -2.3889068       252212.91      -17.034111    
   2    0.27700000      -1119.9285      -2.4041025       254127.34      -13.353538    
   2    0.27800000      -865.00646      -2.4156070       255651.58      -9.6524611    
   2    0.27900000      -608.75623      -2.4234025       256783.29      -5.9365639    
   2    0.28000000      -351.57131      -2.4274771       257520.73      -2.2115516    
   2    0.28100000      -93.846584      -2.4278245       257862.77       1.5168564    
   2    0.28200000       164.02224      -2.4244441       257808.88       5.2429353    
   2    0.28300000       421.63922      -2.4173413       257359.15       8.9609642    
   2    0.28400000       678.60881      -2.4065268       256514.26       12.665234    
   2    0.28500000       934.53645      -2.3920173       255275.52       16.350058    
   2    0.28600000       1189.0292      -2.3738351       253644.82       20.009777    
   2    0.28700000       1441.6963      -2.3520080       251624.68       23.638774    
   2    0.28800000       1692.1498      -2.3265696       249218.18       27.231474    
   2    0.28900000       1940.0051      -2.2975590       246429.04       30.782364    
   2    0.29000000       2184.8817      -2.2650206       243261.52       34.285989    
   2    0.29100000       2426.4036      -2.2290046       239720.49       37.736971    
   2    0.29200000       2664.2000      -2.1895660       235811.39       41.130011    
   2    0.29300000       2897.9057      -2.1467656       231540.23       44.459900    
   2    0.29400000       3127.1619      -2.1006690       226913.55       47.721524    
   2    0.29500000       3351.6167      -2.0513470       221938.47       50.909876    
   2    0.29600000       3570.9253      -1.9988753       216622.62       54.020060    
   2    0.29700000       3784.7510      -1.9433345       210974.16       57.047300    
   2    0.29800000       3992.7656      -1.8848099       205001.77       59.986950    
   2    0.29900000       4194.6496      -1.8233913       198714.62       62.834494    
   2    0.30000000       4390.0931      -1.7591730       192122.35       65.585561    
   2    0.30100000       4578.7960      -1.6922537       185235.10       68.235928    
   2    0.30200000       4760.4685      -1.6227361       178063.44       70.781523    
   2    0.30300000       4934.8317      -1.5507269       170618.37       73.218440    
   2    0.30400000       5101.6179      -1.4763367       162911.34       75.542936    
   2    0.30500000       5260.5710      -1.3996797       154954.17       77.751442    
   2    0.30600000       5411.4470      -1.3208736       146759.08       79.840567    
   2    0.30700000       5554.0141      -1.2400394       138338.65       81.807103    
   2    0.30800000       5688.0535      -1.1573013       129705.82       83.648032    
   2    0.30900000       5813.3593      -1.0727862       120873.83       85.360526    
   2    0.31000000       5929.7392     -0.98662393       111856.25       86.941957    
   2    0.31100000       6037.0146     -0.89894678       102666.93       88.389895    
   2    0.31200000       6135.0206     -0.80988938       93319.966       89.702118    
   2    0.31300000       6223.6067     -0.71958846       83829.721       90.876611    
   2    0.31400000       6302.6371     -0.62818267       74210.762       91.911570    
   2    0.31500000       6371.9903     -0.53581236       64477.858       92.805407    
   2    0.31600000       6431.5598     -0.44261936       54645.954       93.556749    
   2    0.31700000       6481.2542     -0.34874675       44730.146       94.164443    
   2    0.31800000       6520.9972     -0.25433867       34745.659       94.627555    
   2    0.31900000       6550.7277     -0.15954007       24707.822       94.945374    
   2    0.32000000       6570.4002     -0.64496512E-01   14632.049       95.117413    
   2    0.32100000       6579.9844      0.30646073E-01   4533.8095       95.143407    
   2    0.32200000       6579.4655      0.12574160      -5571.3913       95.023316    
   2    0.32300000       6568.8444      0.22064407      -15668.038       94.757325    
   2    0.32400000       6548.1374      0.31520775      -25740.627       94.345842    
   2    0.32500000       6517.3763      0.40928746      -35773.694       93.789499    
   2    0.32600000       6476.6084      0.50273875      -45751.834       93.089150    
   2    0.32700000       6425.8961      0.59541812      -55659.725       92.245870    
   2    0.32800000       6365.3174      0.68718327      -65482.155       91.260955    
   2    0.32900000       6294.9653      0.77789332      -75204.043       90.135916    
   2    0.33000000       6214.9478      0.86740897      -84810.462       88.872481    
   2    0.33100000       6125.3878      0.95559279      -94286.661       87.472590    
   2    0.33200000       6026.4227       1.0423094      -103618.09       85.938392    
   2    0.33300000       5918.2046       1.1274256      -112790.42       84.272242    
   2    0.33400000       5800.8996       1.2108107      -121789.58       82.476700    
   2    0.33500000       5674.6878       1.2923368      -130601.73       80.554522    
   2    0.33600000       5539.7630       1.3718785      -139213.36       78.508659    
   2    0.33700000       5396.3323       1.4493139      -147611.24       76.342253    
   2    0.33800000       5244.6161       1.5245240      -155782.47       74.058629    
   2    0.33900000       5084.8471       1.5973933      -163714.51       71.661295    
   2    0.34000000       4917.2709       1.6678099      -171395.18       69.153931    
   2    0.34100000       4742.1445       1.7356657      -178812.69       66.540386    
   2    0.34200000       4559.7370       1.8008566      -185955.65       63.824675    
   2    0.34300000       4370.3284       1.8632824      -192813.08       61.010966    
   2    0.34400000       4174.2095       1.9228473      -199374.47       58.103580    
   2    0.34500000       3971.6815       1.9794598      -205629.74       55.106981    
   2    0.34600000       3763.0553       2.0330331      -211569.28       52.025769    
   2    0.34700000       3548.6512       2.0834847      -217183.97       48.864677    
   2    0.34800000       3328.7985       2.1307374      -222465.20       45.628557    
   2    0.34900000       3103.8347       2.1747185      -227404.84       42.322378    
   2    0.35000000       2874.1052       2.2153605      -231995.33       38.951216    
   2    0.35100000       2639.9628       2.2526010      -236229.61       35.520248    
   2    0.35200000       2401.7669       2.2863828      -240101.18       32.034742    
   2    0.35300000       2159.8833       2.3166541      -243604.09       28.500049    
   2    0.35400000       1914.6834       2.3433683      -246732.97       24.921597    
   2    0.35500000       1666.5437       2.3664845      -249483.01       21.304880    
   2    0.35600000       1415.8451       2.3859672      -251849.99       17.655451    
   2    0.35700000       1162.9726       2.4017864      -253830.27       13.978913    
   2    0.35800000       908.31445       2.4139179      -255420.82       10.280912    
   2    0.35900000       652.26168       2.4223430      -256619.20       6.5671260    
   2    0.36000000       395.20741       2.4270487      -257423.55       2.8432562    
   2    0.36100000       137.54633       2.4280280      -257832.66     -0.88497908    
   2    0.36200000      -120.32594       2.4252792      -257845.88      -4.6118556    
   2    0.36300000      -378.01346       2.4188067      -257463.20      -8.3316510    
   2    0.36400000      -635.12057       2.4086202      -256685.21      -12.038654    
   2    0.36500000      -891.25250       2.3947355      -255513.10      -15.727172    
   2    0.36600000      -1146.0160       2.3771739      -253948.68      -19.391543    
   2    0.36700000      -1399.0199       2.3559624      -251994.33      -23.026140    
   2    0.36800000      -1649.8757       2.3311334      -249653.07      -26.625382    
   2    0.36900000      -1898.1982       2.3027252      -246928.49      -30.183743    
   2    0.37000000      -2143.6063       2.2707814      -243824.77      -33.695759    
   2    0.37100000      -2385.7230       2.2353509      -240346.68      -37.156038    
   2    0.37200000      -2624.1766       2.1964883      -236499.55      -40.559268    
   2    0.37300000      -2858.6010       2.1542532      -232289.30      -43.900222    
   2    0.37400000      -3088.6363       2.1087103      -227722.39      -47.173770    
   2    0.37500000      -3313.9293       2.0599298      -222805.83      -50.374888    
   2    0.37600000      -3534.1340       2.0079864      -217547.18      -53.498659    
   2    0.37700000      -3748.9123       1.9529598      -211954.49      -56.540288    
   2    0.37800000      -3957.9345       1.8949347      -206036.37      -59.495103    
   2    0.37900000      -4160.8796       1.8340001      -199801.89      -62.358569    
   2    0.38000000      -4357.4360       1.7702495      -193260.64      -65.126288    
   2    0.38100000      -4547.3019       1.7037808      -186422.65      -67.794012    
   2    0.38200000      -4730.1859       1.6346962      -179298.43      -70.357643    
   2    0.38300000      -4905.8070       1.5631016      -171898.91      -72.813247    
   2    0.38400000      -5073.8957       1.4891069      -164235.45      -75.157051    
   2    0.38500000      -5234.1938       1.4128259      -156319.82      -77.385459    
   2    0.38600000      -5386.4553       1.3343756      -148164.18      -79.495047    
   2    0.38700000      -5530.4464       1.2538765      -139781.04      -81.482578    
   2    0.38800000      -5665.9459       1.1714522      -131183.28      -83.344999    
   2    0.38900000      -5792.7458       1.0872292      -122384.10      -85.079450    
   2    0.39000000      -5910.6514       1.0013368      -113397.00      -86.683269    
   2    0.39100000      -6019.4817      0.91390701      -104235.80      -88.153994    
   2    0.39200000      -6119.0697      0.82507396      -94914.554      -89.489365    
   2    0.39300000      -6209.2623      0.73497409      -85447.572      -90.687333    
   2    0.39400000      -6289.9211      0.64374572      -75849.393      -91.746058    
   2    0.39500000      -6360.9222      0.55152893      -66134.753      -92.663915    
   2    0.39600000      -6422.1567      0.45846531      -56318.569      -93.439494    
   2    0.39700000      -6473.5305      0.36469776      -46415.913      -94.071605    
   2    0.39800000      -6514.9648      0.27037025      -36441.989      -94.559276    
   2    0.39900000      -6546.3959      0.17562761      -26412.111      -94.901760    
   2    0.40000000      -6567.7755      0.80615306E-01  -16341.680      -95.098530    
   2    0.40100000      -6579.0709     -0.14520776E-01  -6246.1573      -95.149284    
   2    0.40200000      -6580.2646     -0.10963456       3858.9558      -95.053945    
   2    0.40300000      -6571.3549     -0.20458001       13958.144      -94.812658    
   2    0.40400000      -6552.3555     -0.29921135       24035.900      -94.425795    
   2    0.40500000      -6523.2954     -0.39338327       34076.751      -93.893948    
   2    0.40600000      -6484.2194     -0.48695119       44065.281      -93.217935    
   2    0.40700000      -6435.1874     -0.57977143       53986.151      -92.398794    
   2    0.40800000      -6376.2747     -0.67170148       63824.131      -91.437782    
   2    0.40900000      -6307.5718     -0.76260020       73564.114      -90.336376    
   2    0.41000000      -6229.1842     -0.85232800       83191.145      -89.096265    
   2    0.41100000      -6141.2321     -0.94074712       92690.444      -87.719355    
   2    0.41200000      -6043.8507      -1.0277218       102047.42      -86.207758    
   2    0.41300000      -5937.1895      -1.1131185       111247.72      -84.563798    
   2    0.41400000      -5821.4122      -1.1968061       120277.20      -82.789996    
   2    0.41500000      -5696.6967      -1.2786561       129122.01      -80.889077    
   2    0.41600000      -5563.2343      -1.3585429       137768.56      -78.863960    
   2    0.41700000      -5421.2301      -1.4363437       146203.58      -76.717754    
   2    0.41800000      -5270.9020      -1.5119391       154414.12      -74.453755    
   2    0.41900000      -5112.4809      -1.5852131       162387.56      -72.075438    
   2    0.42000000      -4946.2100      -1.6560531       170111.68      -69.586455    
   2    0.42100000      -4772.3446      -1.7243504       177574.60      -66.990628    
   2    0.42200000      -4591.1516      -1.7900001       184764.87      -64.291942    
   2    0.42300000      -4402.9094      -1.8529014       191671.45      -61.494542    
   2    0.42400000      -4207.9068      -1.9129577       198283.73      -58.602722    
   2    0.42500000      -4006.4434      -1.9700768       204591.57      -55.620922    
   2    0.42600000      -3798.8284      -2.0241711       210585.27      -52.553721    
   2    0.42700000      -3585.3806      -2.0751574       216255.64      -49.405828    
   2    0.42800000      -3366.4278      -2.1229574       221593.97      -46.182077    
   2    0.42900000      -3142.3061      -2.1674979       226592.05      -42.887417    
   2    0.43000000      -2913.3597      -2.2087103       231242.23      -39.526907    
   2    0.43100000      -2679.9400      -2.2465315       235537.35      -36.105707    
   2    0.43200000      -2442.4056      -2.2809032       239470.82      -32.629069    
   2    0.43300000      -2201.1210      -2.3117729       243036.60      -29.102333    
   2    0.43400000      -1956.4567      -2.3390930       246229.23      -25.530912    
   2    0.43500000      -1708.7885      -2.3628216       249043.78      -21.920290    
   2    0.43600000      -1458.4966      -2.3829224       251475.96      -18.276012    
   2    0.43700000      -1205.9653      -2.3993643       253522.01      -14.603673    
   2    0.43800000      -951.58238      -2.4121222       255178.80      -10.908910    
   2    0.43900000      -695.73835      -2.4211766       256443.79      -7.1973984    
   2    0.44000000      -438.82607      -2.4265134       257315.02      -3.4748355    
   2    0.44100000      -181.24001      -2.4281244       257791.17      0.25306276    
   2    0.44200000       76.624333      -2.4260074       257871.51       3.9805724    
   2    0.44300000       334.37102      -2.4201653       257555.90       7.7019703    
   2    0.44400000       591.60431      -2.4106074       256844.84       11.411542    
   2    0.44500000       847.92925      -2.3973481       255739.42       15.103593    
   2    0.44600000       1102.9523      -2.3804079       254241.33       18.772453    
   2    0.44700000       1356.2818      -2.3598128       252352.87       22.412490    
   2    0.44800000       1607.5288      -2.3355944       250076.95       26.018115    
   2    0.44900000       1856.3077      -2.3077899       247417.05       29.583790    
   2    0.45000000       2102.2363      -2.2764420       244377.27       33.104043    
   2    0.45100000       2344.9371      -2.2415987       240962.26       36.573466    
   2    0.45200000       2584.0375      -2.2033137       237177.28       39.986735    
   2    0.45300000       2819.1703      -2.1616457       233028.13       43.338607    
   2    0.45400000       3049.9745      -2.1166587       228521.19       46.623936    
   2    0.45500000       3276.0957      -2.0684217       223663.37       49.837678    
   2    0.45600000       3497.1868      -2.0170089       218462.14       52.974899    
   2    0.45700000       3712.9082      -1.9624990       212925.48       56.030781    
   2    0.45800000       3922.9287      -1.9049760       207061.88       59.000632    
   2    0.45900000       4126.9260      -1.8445280       200880.36       61.879893    
   2    0.46000000       4324.5866      -1.7812479       194390.41       64.664143    
   2    0.46100000       4515.6073      -1.7152328       187601.98       67.349106    
   2    0.46200000       4699.6946      -1.6465841       180525.51       69.930660    
   2    0.46300000       4876.5659      -1.5754073       173171.86       72.404842    
   2    0.46400000       5045.9497      -1.5018115       165552.31       74.767852    
   2    0.46500000       5207.5858      -1.4259098       157678.58       77.016063    
   2    0.46600000       5361.2261      -1.3478188       149562.74       79.146021    
   2    0.46700000       5506.6347      -1.2676583       141217.26       81.154458    
   2    0.46800000       5643.5884      -1.1855514       132654.95       83.038289    
   2    0.46900000       5771.8767      -1.1016242       123888.97       84.794621    
   2    0.47000000       5891.3029      -1.0160056       114932.76       86.420759    
   2    0.47100000       6001.6834     -0.92882693       105800.08       87.914204    
   2    0.47200000       6102.8489     -0.84022216       96504.955       89.272665    
   2    0.47300000       6194.6439     -0.75032730       87061.655       90.494055    
   2    0.47400000       6276.9276     -0.65928037       77484.679       91.576499    
   2    0.47500000       6349.5736     -0.56722117       67788.731       92.518335    
   2    0.47600000       6412.4704     -0.47429105       57988.700       93.318117    
   2    0.47700000       6465.5214     -0.38063270       48099.632       93.974617    
   2    0.47800000       6508.6450     -0.28638992       38136.711       94.486827    
   2    0.47900000       6541.7753     -0.19170741       28115.235       94.853960    
   2    0.48000000       6564.8611     -0.96730545E-01   18050.590       95.075453    
   2    0.48100000       6577.8672     -0.16051625E-02   7958.2295       95.150965    
   2    0.48200000       6580.7735      0.93522684E-01  -2146.3500       95.080381    
   2    0.48300000       6573.5756      0.18850693      -12247.634       94.863809    
   2    0.48400000       6556.2845      0.28320175      -22330.113       94.501582    
   2    0.48500000       6528.9268      0.37746173      -32378.305       93.994256    
   2    0.48600000       6491.5445      0.47114215      -42376.784       93.342609    
   2    0.48700000       6444.1949      0.56409917      -52310.196       92.547643    
   2    0.48700000       6444.1949      0.56409917      -52310.196       92.547643    
   2    0.48800000       6386.9509      0.65619007      -62163.291       91.610577    
   2    0.48900000       6319.9002      0.74727344      -71920.939       90.532851    
   2    0.49000000       6243.1458      0.83720943      -81568.159       89.316119    
   2    0.49100000       6156.8056      0.92585996      -91090.137       87.962251    
   2    0.49200000       6061.0121       1.0130889      -100472.25       86.473323    
   2    0.49300000       5955.9125       1.0987623      -109700.11       84.851623    
   2    0.49400000       5841.6681       1.1827487      -118759.52       83.099640    
   2    0.49500000       5718.4542       1.2649191      -127636.59       81.220065    
   2    0.49600000       5586.4602       1.3451473      -136317.69       79.215783    
   2    0.49700000       5445.8886       1.4233101      -144789.48       77.089872    
   2    0.49800000       5296.9554       1.4992876      -153038.95       74.845597    
   2    0.49900000       5139.8891       1.5729630      -161053.45       72.486401    
   2    0.50000000       4974.9309       1.6442233      -168820.67       70.015910    
   2    0.50100000       4802.3341       1.7129590      -176328.68       67.437914    
   2    0.50200000       4622.3638       1.7790646      -183565.94       64.756374    
   2    0.50300000       4435.2962       1.8424386      -190521.36       61.975405    
   2    0.50400000       4241.4186       1.9029837      -197184.25       59.099278    
   2    0.50500000       4041.0286       1.9606069      -203544.38       56.132410    
   2    0.50600000       3834.4340       2.0152198      -209591.98       53.079355    
   2    0.50700000       3621.9519       2.0667384      -215317.77       49.944800    
   2    0.50800000       3403.9087       2.1150838      -220712.96       46.733560    
   2    0.50900000       3180.6390       2.1601816      -225769.27       43.450565    
   2    0.51000000       2952.4857       2.2019627      -230478.92       40.100854    
   2    0.51100000       2719.7991       2.2403628      -234834.69       36.689573    
   2    0.51200000       2482.9365       2.2753231      -238829.90       33.221957    
   2    0.51300000       2242.2615       2.3067897      -242458.40       29.703332    
   2    0.51400000       1998.1438       2.3347145      -245714.63       26.139100    
   2    0.51500000       1750.9581       2.3590546      -248593.58       22.534734    
   2    0.51600000       1501.0839       2.3797725      -251090.84       18.895767    
   2    0.51700000       1248.9049       2.3968364      -253202.56       15.227788    
   2    0.51800000       994.80834       2.4102202      -254925.52       11.536427    
   2    0.51900000       739.18434       2.4199034      -256257.06       7.8273534    
   2    0.52000000       482.42538       2.4258709      -257195.14       4.1062615    
   2    0.52100000       224.92569       2.4281138      -257738.32      0.37886472    
   2    0.52200000      -32.919346       2.4266285      -257885.76      -3.3491137    
   2    0.52300000      -290.71384       2.4214173      -257637.24      -7.0719499    
   2    0.52400000      -548.06197       2.4124882      -256993.14      -10.783928    
   2    0.52500000      -804.56859       2.3998549      -255954.45      -14.479348    
   2    0.52600000      -1059.8399       2.3835369      -254522.77      -18.152536    
   2    0.52700000      -1313.4839       2.3635592      -252700.28      -21.797852    
   2    0.52800000      -1565.1111       2.3399524      -250489.79      -25.409700    
   2    0.52900000      -1814.3352       2.3127528      -247894.70      -28.982533    
   2    0.53000000      -2060.7736       2.2820021      -244918.99      -32.510866    
   2    0.53100000      -2304.0478       2.2477477      -241567.22      -35.989281    
   2    0.53200000      -2543.7844       2.2100420      -237844.55      -39.412438    
   2    0.53300000      -2779.6152       2.1689430      -233756.69      -42.775080    
   2    0.53400000      -3011.1781       2.1245137      -229309.91      -46.072045    
   2    0.53500000      -3238.1177       2.0768225      -224511.05      -49.298270    
   2    0.53600000      -3460.0853       2.0259424      -219367.47      -52.448802    
   2    0.53700000      -3676.7403       1.9719517      -213887.07      -55.518803    
   2    0.53800000      -3887.7500       1.9149332      -208078.26      -58.503559    
   2    0.53900000      -4092.7903       1.8549745      -201949.97      -61.398488    
   2    0.54000000      -4291.5466       1.7921677      -195511.60      -64.199145    
   2    0.54100000      -4483.7135       1.7266091      -188773.04      -66.901230    
   2    0.54200000      -4668.9960       1.6583995      -181744.63      -69.500593    
   2    0.54300000      -4847.1097       1.5876435      -174437.17      -71.993244    
   2    0.54400000      -5017.7811       1.5144498      -166861.88      -74.375355    
   2    0.54500000      -5180.7481       1.4389308      -159030.38      -76.643270    
   2    0.54600000      -5335.7604       1.3612025      -150954.70      -78.793505    
   2    0.54700000      -5482.5802       1.2813842      -142647.25      -80.822759    
   2    0.54800000      -5620.9819       1.1995984      -134120.78      -82.727917    
   2    0.54900000      -5750.7531       1.1159707      -125388.37      -84.506053    
   2    0.55000000      -5871.6945       1.0306295      -116463.44      -86.154436    
   2    0.55100000      -5983.6204      0.94370589      -107359.69      -87.670537    
   2    0.55200000      -6086.3589      0.85533330      -98091.099      -89.052028    
   2    0.55300000      -6179.7524      0.76564741      -88671.897      -90.296786    
   2    0.55400000      -6263.6573      0.67478594      -79116.547      -91.402901    
   2    0.55500000      -6337.9450      0.58288839      -69439.719      -92.368675    
   2    0.55600000      -6402.5012      0.49009587      -59656.273      -93.192625    
   2    0.55700000      -6457.2270      0.39655084      -49781.230      -93.873485    
   2    0.55800000      -6502.0382      0.30239695      -39829.752      -94.410210    
   2    0.55900000      -6536.8661      0.20777874      -29817.119      -94.801976    
   2    0.56000000      -6561.6572      0.11284152      -19758.704      -95.048182    
   2    0.56100000      -6576.3734      0.17731030E-01  -9669.9508      -95.148449    
   2    0.56200000      -6580.9921     -0.77406682E-01   433.64950      -95.102624    
   2    0.56300000      -6575.5063     -0.17242554       10536.584      -94.910777    
   2    0.56400000      -6559.9244     -0.26717966       20623.340      -94.573202    
   2    0.56500000      -6534.2702     -0.36152354       30678.431      -94.090418    
   2    0.56600000      -6498.5832     -0.45531233       40686.418      -93.463166    
   2    0.56700000      -6452.9182     -0.54840203       50631.934      -92.692409    
   2    0.56800000      -6397.3452     -0.64064971       60499.710      -91.779331    
   2    0.56900000      -6331.9497     -0.73191372       70274.593      -90.725333    
   2    0.57000000      -6256.8320     -0.82205394       79941.575      -89.532034    
   2    0.57100000      -6172.1075     -0.91093196       89485.813      -88.201267    
   2    0.57200000      -6077.9062     -0.99841133       98892.654      -86.735073    
   2    0.57300000      -5974.3728      -1.0843577       108147.65      -85.135706    
   2    0.57400000      -5861.6663      -1.1686392       117236.60      -83.405619    
   2    0.57500000      -5739.9596      -1.2511263       126145.54      -81.547470    
   2    0.57600000      -5609.4397      -1.3316924       134860.80      -79.564112    
   2    0.57700000      -5470.3070      -1.4102138       143368.98      -77.458590    
   2    0.57800000      -5322.7751      -1.4865699       151657.04      -75.234137    
   2    0.57900000      -5167.0706      -1.5606435       159712.24      -72.894168    
   2    0.58000000      -5003.4324      -1.6323209       167522.22      -70.442276    
   2    0.58100000      -4832.1119      -1.7014920       175074.97      -67.882226    
   2    0.58200000      -4653.3721      -1.7680506       182358.92      -65.217949    
   2    0.58300000      -4467.4874      -1.8318945       189362.87      -62.453535    
   2    0.58400000      -4274.7433      -1.8929257       196076.07      -59.593229    
   2    0.58500000      -4075.4356      -1.9510505       202488.21      -56.641422    
   2    0.58600000      -3869.8705      -2.0061796       208589.44      -53.602647    
   2    0.58700000      -3658.3635      -2.0582284       214370.41      -50.481570    
   2    0.58800000      -3441.2394      -2.1071169       219822.23      -47.282982    
   2    0.58900000      -3218.8315      -2.1527701       224936.52      -44.011796    
   2    0.59000000      -2991.4815      -2.1951180       229705.45      -40.673033    
   2    0.59100000      -2759.5382      -2.2340954       234121.69      -37.271820    
   2    0.59200000      -2523.3579      -2.2696425       238178.45      -33.813380    
   2    0.59300000      -2283.3032      -2.3017048       241869.50      -30.303021    
   2    0.59400000      -2039.7427      -2.3302331       245189.19      -26.746135    
   2    0.59500000      -1793.0503      -2.3551834       248132.41      -23.148183    
   2    0.59600000      -1543.6049      -2.3765176       250694.64      -19.514689    
   2    0.59700000      -1291.7894      -2.3942028       252871.95      -15.851231    
   2    0.59800000      -1037.9904      -2.4082119       254661.00      -12.163435    
   2    0.59900000      -782.59772      -2.4185234       256059.04      -8.4569631    
   2    0.60000000      -526.00341      -2.4251215       257063.92      -4.7375063    
   2    0.60100000      -268.60146      -2.4279960       257674.10      -1.0107755    
   2    0.60200000      -10.787092      -2.4271426       257888.64       2.7175073    
   2    0.60300000       247.04383      -2.4225624       257707.22       6.4416176    
   2    0.60400000       504.49545      -2.4142626       257130.11       10.155837    
   2    0.60500000       761.17245      -2.4022559       256158.20       13.854464    
   2    0.60600000       1016.6807      -2.3865608       254792.98       17.531818    
   2    0.60700000       1270.6280      -2.3672013       253036.54       21.182253    
   2    0.60800000       1522.6243      -2.3442071       250891.59       24.800165    
   2    0.60900000       1772.2828      -2.3176136       248361.42       28.379998    
   2    0.61000000       2019.2200      -2.2874616       245449.91       31.916256    
   2    0.61100000       2263.0569      -2.2537975       242161.53       35.403509    
   2    0.61200000       2503.4191      -2.2166727       238501.33       38.836403    
   2    0.61300000       2739.9375      -2.1761445       234474.93       42.209667    
   2    0.61400000       2972.2490      -2.1322750       230088.52       45.518122    
   2    0.61500000       3199.9968      -2.0851316       225348.82       48.756688    
   2    0.61600000       3422.8313      -2.0347866       220263.12       51.920392    
   2    0.61700000       3640.4103      -1.9813174       214839.23       55.004376    
   2    0.61800000       3852.3998      -1.9248060       209085.46       58.003906    
   2    0.61900000       4058.4742      -1.8653392       203010.67       60.914375    
   2    0.62000000       4258.3172      -1.8030084       196624.17       63.731316    
   2    0.62100000       4451.6219      -1.7379092       189935.76       66.450403    
   2    0.62200000       4638.0915      -1.6701416       182955.73       69.067460    
   2    0.62300000       4817.4397      -1.5998097       175694.79       71.578471    
   2    0.62400000       4989.3912      -1.5270213       168164.08       73.979578    
   2    0.62500000       5153.6818      -1.4518884       160375.17       76.267096    
   2    0.62600000       5310.0594      -1.3745262       152340.01       78.437513    
   2    0.62700000       5458.2839      -1.2950535       144070.95       80.487495    
   2    0.62800000       5598.1276      -1.2135924       135580.69       82.413895    
   2    0.62900000       5729.3758      -1.1302679       126882.24       84.213756    
   2    0.63000000       5851.8271      -1.0452080       117988.99       85.884314    
   2    0.63100000       5965.2934     -0.95854322       108914.57       87.423004    
   2    0.63200000       6069.6005     -0.87040671       99672.917       88.827463    
   2    0.63300000       6164.5882     -0.78093376       90278.228       90.095534    
   2    0.63400000       6250.1108     -0.69026175       80744.925       91.225272    
   2    0.63500000       6326.0368     -0.59852991       71087.645       92.214941    
   2    0.63600000       6392.2497     -0.50587907       61321.215       93.063022    
   2    0.63700000       6448.6478     -0.41245150       51460.632       93.768212    
   2    0.63800000       6495.1446     -0.31839064       41521.036       94.329429    
   2    0.63900000       6531.6686     -0.22384092       31517.687       94.745811    
   2    0.64000000       6558.1638     -0.12894751       21465.946       95.016719    
   2    0.64100000       6574.5895     -0.33856115E-01   11381.246       95.141736    
   2    0.64200000       6580.9205      0.61287264E-01   1279.0701       95.120672    
   2    0.64300000       6577.1470      0.15633654      -8825.0692       94.953557    
   2    0.64400000       6563.2749      0.25114578      -18915.658       94.640650    
   2    0.64500000       6539.3254      0.34556940      -28977.204       94.182430    
   2    0.64600000       6505.3353      0.43946243      -38994.258       93.579600    
   2    0.64700000       6461.3568      0.53268071      -48951.439       92.833087    
   2    0.64800000       6407.4575      0.62508109      -58833.460       91.944037    
   2    0.64900000       6343.7200      0.71652172      -68625.146       90.913814    
   2    0.65000000       6270.2423      0.80686219      -78311.465       89.744000    
   2    0.65100000       6187.1372      0.89596379      -87877.543       88.436393    
   2    0.65200000       6094.5322      0.98368971      -97308.692       86.992998    
   2    0.65300000       5992.5696       1.0699053      -106590.43       85.416033    
   2    0.65400000       5881.4059       1.1544781      -115708.51       83.707919    
   2    0.65500000       5761.2118       1.2372783      -124648.93       81.871279    
   2    0.65600000       5632.1718       1.3181787      -133397.96       79.908932    
   2    0.65700000       5494.4841       1.3970552      -141942.17       77.823892    
   2    0.65800000       5348.3601       1.4737867      -150268.44       75.619359    
   2    0.65900000       5194.0242       1.5482552      -158363.98       73.298720    
   2    0.66000000       5031.7132       1.6203466      -166216.37       70.865536    
   2    0.66100000       4861.6765       1.6899500      -173813.55       68.323544    
   2    0.66200000       4684.1751       1.7569587      -181143.85       65.676648    
   2    0.66300000       4499.4815       1.8212697      -188196.03       62.928910    
   2    0.66400000       4307.8794       1.8827843      -194959.24       60.084550    
   2    0.66500000       4109.6628       1.9414081      -201423.11       57.147936    
   2    0.66600000       3905.1363       1.9970509      -207577.71       54.123575    
   2    0.66700000       3694.6137       2.0496275      -213413.59       51.016113    
   2    0.66800000       3478.4183       2.0990570      -218921.79       47.830319    
   2    0.66900000       3256.8821       2.1452637      -224093.86       44.571086    
   2    0.67000000       3030.3453       2.1881764      -228921.85       41.243418    
   2    0.67100000       2799.1556       2.2277294      -233398.35       37.852424    
   2    0.67200000       2563.6680       2.2638619      -237516.49       34.403311    
   2    0.67300000       2324.2442       2.2965184      -241269.94       30.901374    
   2    0.67400000       2081.2517       2.3256488      -244652.94       27.351991    
   2    0.67500000       1835.0635       2.3512084      -247660.29       23.760611    
   2    0.67600000       1586.0578       2.3731579      -250287.39       20.132749    
   2    0.67700000       1334.6169       2.3914636      -252530.19       16.473975    
   2    0.67800000       1081.1267       2.4060974      -254385.25       12.789906    
   2    0.67900000       825.97659       2.4170368      -255849.72       9.0861999    
   2    0.68000000       569.55824       2.4242651      -256921.36       5.3685422    
   2    0.68100000       312.26537       2.4277712      -257598.51       1.6426417    
   2    0.68200000       54.493055       2.4275496      -257880.15      -2.0857810    
   2    0.68300000      -203.36293       2.4236007      -257765.83      -5.8110011    
   2    0.68400000      -460.90667       2.4159306      -257255.74      -9.5272990    
   2    0.68500000      -717.74273       2.4045510      -256350.65      -13.228968    
   2    0.68600000      -973.47676       2.3894794      -255051.95      -16.910326    
   2    0.68700000      -1227.7161       2.3707390      -253361.64      -20.565719    
   2    0.68800000      -1480.0704       2.3483585      -251282.32      -24.189535    
   2    0.68900000      -1730.1521       2.3223723      -248817.18      -27.776210    
   2    0.69000000      -1977.5774       2.2928203      -245970.00      -31.320238    
   2    0.69100000      -2221.9662       2.2597478      -242745.15      -34.816175    
   2    0.69200000      -2462.9434       2.2232057      -239147.58      -38.258655    
   2    0.69300000      -2700.1390       2.1832501      -235182.83      -41.642393    
   2    0.69400000      -2933.1887       2.1399423      -230856.97      -44.962192    
   2    0.69500000      -3161.7348       2.0933487      -226176.65      -48.212955    
   2    0.69600000      -3385.4263       2.0435410      -221149.06      -51.389691    
   2    0.69700000      -3603.9197       1.9905957      -215781.91      -54.487523    
   2    0.69800000      -3816.8796       1.9345939      -210083.44      -57.501694    
   2    0.69900000      -4023.9791       1.8756217      -204062.41      -60.427575    
   2    0.70000000      -4224.9000       1.8137697      -197728.06      -63.260676    
   2    0.70100000      -4419.3340       1.7491327      -191090.12      -65.996644    
   2    0.70200000      -4606.9824       1.6818101      -184158.77      -68.631281    
   2    0.70300000      -4787.5573       1.6119053      -176944.66      -71.160540    
   2    0.70400000      -4960.7812       1.5395255      -169458.86      -73.580538    
   2    0.70500000      -5126.3882       1.4647819      -161712.88      -75.887559    
   2    0.70600000      -5284.1242       1.3877892      -153718.60      -78.078061    
   2    0.70700000      -5433.7468       1.3086657      -145488.30      -80.148681    
   2    0.70800000      -5575.0263       1.2275329      -137034.61      -82.096239    
   2    0.70900000      -5707.7459       1.1445153      -128370.52      -83.917746    
   2    0.71000000      -5831.7016       1.0597403      -119509.33      -85.610404    
   2    0.71100000      -5946.7033      0.97333827      -110464.64      -87.171614    
   2    0.71200000      -6052.5744      0.88544173      -101250.34      -88.598979    
   2    0.71300000      -6149.1522      0.79618566      -91880.578      -89.890309    
   2    0.71400000      -6236.2885      0.70570712      -82369.742      -91.043619    
   2    0.71500000      -6313.8495      0.61414502      -72732.435      -92.057139    
   2    0.71600000      -6381.7162      0.52163996      -62983.453      -92.929314    
   2    0.71700000      -6439.7842      0.42833396      -53137.765      -93.658803    
   2    0.71800000      -6487.9645      0.33437029      -43210.488      -94.244487    
   2    0.71900000      -6526.1831      0.23989322      -33216.866      -94.685466    
   2    0.72000000      -6554.3812      0.14504782      -23172.242      -94.981064    
   2    0.72100000      -6572.5157      0.49979707E-01  -13092.038      -95.130827    
   2    0.72200000      -6580.5586     -0.45165144E-01  -2991.7333      -95.134524    
   2    0.72300000      -6578.4976     -0.14024065       7113.1653      -94.992150    
   2    0.72400000      -6566.3359     -0.23510082       17207.142      -94.703924    
   2    0.72500000      -6544.0921     -0.32960002       27274.699      -94.270287    
   2    0.72600000      -6511.8005     -0.42359315       37300.378      -93.691907    
   2    0.72700000      -6469.5105     -0.51693588       47268.785      -92.969670    
   2    0.72800000      -6417.2871     -0.60948490       57164.615      -92.104687    
   2    0.72900000      -6355.2105     -0.70109811       66972.673      -91.098284    
   2    0.73000000      -6283.3760     -0.79163485       76677.901      -89.952008    
   2    0.73100000      -6201.8939     -0.88095609       86265.396      -88.667618    
   2    0.73200000      -6110.8894     -0.96892470       95720.438      -87.247086    
   2    0.73300000      -6010.5021      -1.0554056       105028.51      -85.692594    
   2    0.73400000      -5900.8861      -1.1402660       114175.32      -84.006527    
   2    0.73500000      -5782.2099      -1.2233757       123146.82      -82.191476    
   2    0.73600000      -5654.6555      -1.3046069       131929.24      -80.250227    
   2    0.73700000      -5518.4189      -1.3838350       140509.09      -78.185760    
   2    0.73800000      -5373.7092      -1.4609384       148873.21      -76.001246    
   2    0.73900000      -5220.7487      -1.5357986       157008.74      -73.700038    
   2    0.74000000      -5059.7721      -1.6083008       164903.20      -71.285670    
   2    0.74100000      -4891.0267      -1.6783335       172544.46      -68.761849    
   2    0.74200000      -4714.7715      -1.7457893       179920.80      -66.132450    
   2    0.74300000      -4531.2772      -1.8105645       187020.88      -63.401509    
   2    0.74400000      -4340.8255      -1.8725598       193833.81      -60.573222    
   2    0.74500000      -4143.7088      -1.9316800       200349.12      -57.651929    
   2    0.74600000      -3940.2298      -1.9878342       206556.81      -54.642116    
   2    0.74700000      -3730.7009      -2.0409362       212447.35      -51.548405    
   2    0.74800000      -3515.4438      -2.0909046       218011.70      -48.375546    
   2    0.74900000      -3294.7891      -2.1376626       223241.31      -45.128410    
   2    0.75000000      -3069.0755      -2.1811383       228128.15      -41.811984    
   2    0.75100000      -2838.6495      -2.2212651       232664.72      -38.431358    
   2    0.75200000      -2603.8651      -2.2579814       236844.05      -34.991724    
   2    0.75300000      -2365.0827      -2.2912307       240659.73      -31.498364    
   2    0.75400000      -2122.6688      -2.3209620       244105.89      -27.956640    
   2    0.75500000      -1876.9958      -2.3471297       247177.25      -24.371992    
   2    0.75600000      -1628.4408      -2.3696935       249869.09      -20.749922    
   2    0.75700000      -1377.3855      -2.3886189       252177.28      -17.095993    
   2    0.75800000      -1124.2153      -2.4038767       254098.27      -13.415814    
   2    0.75900000      -869.31902      -2.4154436       255629.12      -9.7150358    
   2    0.76000000      -613.08794      -2.4233018       256767.46      -5.9993414    
   2    0.76100000      -355.91552      -2.4274393       257511.57      -2.2744354    
   2    0.76200000      -98.196614      -2.4278495       257860.28       1.4539627    
   2    0.76300000       159.67306      -2.4245321       257813.07       5.1801284    
   2    0.76400000       417.29757      -2.4174919       257370.01       8.8983405    
   2    0.76500000       674.28136      -2.4067399       256531.79       12.602890    
   2    0.76600000       930.22984      -2.3922926       255299.67       16.288089    
   2    0.76700000       1184.7500      -2.3741721       253675.57       19.948278    
   2    0.76800000       1437.4511      -2.3524063       251661.97       23.577839    
   2    0.76900000       1687.9452      -2.3270285       249261.97       27.171198    
   2    0.77000000       1935.8475      -2.2980778       246479.24       30.722838    
   2    0.77100000       2180.7775      -2.2655985       243318.06       34.227306    
   2    0.77200000       2422.3591      -2.2296407       239783.29       37.679220    
   2    0.77300000       2660.2214      -2.1902594       235880.36       41.073281    
   2    0.77400000       2893.9991      -2.1475151       231615.25       44.404278    
   2    0.77500000       3123.3333      -2.1014736       226994.51       47.667095    
   2    0.77600000       3347.8719      -2.0522053       222025.24       50.856724    
   2    0.77700000       3567.2701      -1.9997861       216715.07       53.968267    
   2    0.77800000       3781.1911      -1.9442964       211072.16       56.996946    
   2    0.77900000       3989.3064      -1.8858214       205105.16       59.938110    
   2    0.78000000       4191.2965      -1.8244509       198823.24       62.787245    
   2    0.78100000       4386.8511      -1.7602791       192236.04       65.539975    
   2    0.78200000       4575.6702      -1.6934045       185353.68       68.192075    
   2    0.78300000       4757.4636      -1.6239298       178186.72       70.739470    
   2    0.78400000       4931.9524      -1.5519618       170746.18       73.178252    
   2    0.78500000       5098.8686      -1.4776108       163043.46       75.504674    
   2    0.78600000       5257.9559      -1.4009910       155090.41       77.715166    
   2    0.78700000       5408.9700      -1.3222202       146899.23       79.806332    
   2    0.78800000       5551.6791      -1.2414192       138482.50       81.774962    
   2    0.78900000       5685.8641      -1.1587121       129853.14       83.618034    
   2    0.79000000       5811.3190      -1.0742260       121024.40       85.332717    
   2    0.79100000       5927.8510     -0.98809039       112009.84       86.916379    
   2    0.79200000       6035.2813     -0.90043769       102823.29       88.366588    
   2    0.79300000       6133.4449     -0.81140244       93478.875       89.681118    
   2    0.79400000       6222.1912     -0.72112136       83990.926       90.857950    
   2    0.79500000       6301.3838     -0.62973305       74374.017       91.895277    
   2    0.79600000       6370.9012     -0.53737784       64642.912       92.791507    
   2    0.79700000       6430.6365     -0.44419753       54812.553       93.545263    
   2    0.79800000       6480.4982     -0.35033519       44898.035       94.155388    
   2    0.79900000       6520.4096     -0.25593494       34914.579       94.620946    
   2    0.80000000       6550.3095     -0.16114173       24877.515       94.941221    
   2    0.80100000       6570.1519     -0.66101095E-01   14802.254       95.115722    
   2    0.80200000       6579.9064      0.29041032E-01   4704.2645       95.144180    
   2    0.80300000       6579.5581      0.12413857      -5400.9476       95.026553    
   2    0.80400000       6569.1073      0.21904550      -15497.867       94.763020    
   2    0.80500000       6548.5703      0.31361611      -25570.991       94.353987    
   2    0.80600000       6517.9784      0.40770518      -35604.852       93.800081    
   2    0.80700000       6477.3788      0.50116826      -45584.046       93.102153    
   2    0.80800000       6426.8337      0.59386184      -55493.248       92.261275    
   2    0.80900000       6366.4207      0.68564359      -65317.246       91.278737    
   2    0.81000000       6296.2326      0.77637259      -75040.955       90.156048    
   2    0.81100000       6216.3772      0.86590954      -84649.444       88.894932    
   2    0.81200000       6126.9770      0.95411695      -94127.961       87.497326    
   2    0.81300000       6028.1694       1.0408594      -103461.95       85.965374    
   2    0.81400000       5920.1061       1.1260037      -112637.09       84.301430    
   2    0.81500000       5802.9529       1.2094191      -121639.28       82.508049    
   2    0.81600000       5676.8898       1.2909776      -130454.70       80.587983    
   2    0.81700000       5542.1103       1.3705538      -139069.82       78.544181    
   2    0.81800000       5398.8213       1.4480257      -147471.41       76.379781    
   2    0.81900000       5247.2429       1.5232743      -155646.57       74.098106    
   2    0.82000000       5087.6078       1.5961840      -163582.75       71.702660    
   2    0.82100000       4920.1612       1.6666429      -171267.76       69.197120    
   2    0.82200000       4745.1600       1.7345428      -178689.81       66.585335    
   2    0.82300000       4562.8730       1.7997795      -185837.49       63.871313    
   2    0.82400000       4373.5801       1.8622528      -192699.83       61.059221    
   2    0.82500000       4177.5720       1.9218667      -199266.30       58.153379    
   2    0.82600000       3975.1495       1.9785298      -205526.81       55.158247    
   2    0.82700000       3766.6236       2.0321550      -211471.75       52.078424    
   2    0.82800000       3552.3143       2.0826600      -217092.00       48.918639    
   2    0.82900000       3332.5507       2.1299672      -222378.92       45.683744    
   2    0.83000000       3107.6703       2.1740041      -227324.39       42.378705    
   2    0.83100000       2878.0183       2.2147029      -231920.83       39.008597    
   2    0.83200000       2643.9473       2.2520013      -236161.17       35.578595    
   2    0.83300000       2405.8168       2.2858419      -240038.91       32.093965    
   2    0.83400000       2163.9923       2.3161728      -243548.08       28.560057    
   2    0.83500000       1918.8453       2.3429474      -246683.31       24.982297    
   2    0.83600000       1670.7520       2.3661246      -249439.78       21.366180    
   2    0.83700000       1420.0934       2.3856688      -251813.25       17.717256    
   2    0.83800000       1167.2544       2.4015500      -253800.09       14.041129    
   2    0.83900000       912.62311       2.4137439      -255397.24       10.343443    
   2    0.84000000       656.59061       2.4222316      -256602.24       6.6298759    
   2    0.84100000       399.54996       2.4270003      -257413.26       2.9061289    
   2    0.84200000       141.89584       2.4280424      -257829.04     -0.82208028    
   2    0.84300000      -115.97615       2.4253565      -257848.94      -4.5490272    
   2    0.84400000      -373.67007       2.4189467      -257472.94      -8.2689894    
   2    0.84500000      -630.79024       2.4088228      -256701.61      -11.976255    
   2    0.84600000      -886.94190       2.3950003      -255536.14      -15.665133    
   2    0.84700000      -1141.7317       2.3775005      -253978.31      -19.329958    
   2    0.84800000      -1394.7685       2.3563503      -252030.52      -22.965103    
   2    0.84900000      -1645.6638       2.3315821      -249695.76      -26.564987    
   2    0.85000000      -1894.0322       2.3032339      -246977.61      -30.124083    
   2    0.85100000      -2139.4926       2.2713493      -243880.25      -33.636926    
   2    0.85200000      -2381.6679       2.2359773      -240408.43      -37.098123    
   2    0.85300000      -2620.1864       2.1971721      -236567.48      -40.502358    
   2    0.85400000      -2854.6818       2.1549933      -232363.31      -43.844406    
   2    0.85500000      -3084.7941       2.1095057      -227802.36      -47.119134    
   2    0.85600000      -3310.1699       2.0607791      -222891.63      -50.321514    
   2    0.85700000      -3530.4632       2.0088884      -217638.68      -53.446630    
   2    0.85800000      -3745.3359       1.9539132      -212051.56      -56.489683    
   2    0.85900000      -3954.4578       1.8959380      -206138.86      -59.446001    
   2    0.86000000      -4157.5081       1.8350517      -199909.64      -62.311045    
   2    0.86100000      -4354.1748       1.7713478      -193373.48      -65.080416    
   2    0.86200000      -4544.1561       1.7049241      -186540.41      -67.749860    
   2    0.86300000      -4727.1601       1.6358827      -179420.93      -70.315281    
   2    0.86400000      -4902.9061       1.5643296      -172025.96      -72.772738    
   2    0.86500000      -5071.1240       1.4903745      -164366.85      -75.118459    
   2    0.86600000      -5231.5557       1.4141311      -156455.38      -77.348842    
   2    0.86700000      -5383.9547       1.3357164      -148303.68      -79.460463    
   2    0.86800000      -5528.0871       1.2552508      -139924.27      -81.450078    
   2    0.86900000      -5663.7316       1.1728579      -131330.03      -83.314634    
   2    0.87000000      -5790.6799       1.0886642      -122534.13      -85.051267    
   2    0.87100000      -5908.7372       1.0027989      -113550.10      -86.657311    
   2    0.87200000      -6017.7220      0.91539394      -104391.72      -88.130300    
   2    0.87300000      -6117.4672      0.82658344      -95073.049      -89.467972    
   2    0.87400000      -6207.8195      0.73650379      -85608.406      -90.668274    
   2    0.87500000      -6288.6402      0.64529330      -76012.318      -91.729362    
   2    0.87600000      -6359.8052      0.55309201      -66299.520      -92.649607    
   2    0.87700000      -6421.2053      0.46004150      -56484.924      -93.427597    
   2    0.87800000      -6472.7461      0.36628464      -46583.601      -94.062137    
   2    0.87900000      -6514.3486      0.27196537      -36610.753      -94.552252    
   2    0.88000000      -6545.9489      0.17722853      -26581.691      -94.897190    
   2    0.88100000      -6567.4984      0.82219567E-01  -16511.816      -95.096421    
   2    0.88200000      -6578.9641     -0.12915639E-01  -6416.5882      -95.149640    
   2    0.88300000      -6580.3283     -0.10803101       3688.4917      -95.056765    
   2    0.88400000      -6571.5890     -0.20298051       13787.908      -94.817937    
   2    0.88500000      -6552.7595     -0.29761836       23866.155      -94.433525    
   2    0.88600000      -6523.8689     -0.39179923       33907.756      -93.904118    
   2    0.88700000      -6484.9614     -0.48537853       43897.296      -93.230530    
   2    0.88800000      -6436.0968     -0.57821257       53819.435      -92.413793    
   2    0.88900000      -6377.3501     -0.67015882       63658.938      -91.455163    
   2    0.89000000      -6308.8115     -0.76107609       73400.699      -90.356111    
   2    0.89100000      -6230.5862     -0.85082479       83029.759      -89.118326    
   2    0.89200000      -6142.7944     -0.93926713       92531.333      -87.743706    
   2    0.89300000      -6045.5709      -1.0262673       101890.83      -86.234363    
   2    0.89400000      -5939.0649      -1.1116917       111093.89      -84.592615    
   2    0.89500000      -5823.4400      -1.1954092       120126.37      -82.820982    
   2    0.89600000      -5698.8737      -1.2772913       128974.41      -80.922184    
   2    0.89700000      -5565.5572      -1.3572122       137624.41      -78.899137    
   2    0.89800000      -5423.6953      -1.4350492       146063.11      -76.754947    
   2    0.89900000      -5273.5057      -1.5106828       154277.54      -74.492906    
   2    0.90000000      -5115.2192      -1.5839969       162255.09      -72.116487    
   2    0.90100000      -4949.0786      -1.6548788       169983.51      -69.629340    
   2    0.90200000      -4775.3392      -1.7232199       177450.93      -67.035283    
   2    0.90300000      -4594.2676      -1.7889151       184645.90      -64.338298    
   2    0.90400000      -4406.1419      -1.8518636       191557.35      -61.542528    
   2    0.90500000      -4211.2509      -1.9119687       198174.68      -58.652264    
   2    0.90600000      -4009.8939      -1.9691381       204487.74      -55.671945    
   2    0.90700000      -3802.3801      -2.0232841       210486.82      -52.606146    
   2    0.90800000      -3589.0280      -2.0743234       216162.72      -49.459575    
   2    0.90900000      -3370.1653      -2.1221779       221506.71      -46.237063    
   2    0.91000000      -3146.1280      -2.1667739       226510.60      -42.943557    
   2    0.91100000      -2917.2600      -2.2080430       231166.71      -39.584116    
   2    0.91200000      -2683.9129      -2.2459219       235467.87      -36.163896    
   2    0.91300000      -2446.4448      -2.2803523       239407.50      -32.688149    
   2    0.91400000      -2205.2204      -2.3112814       242979.53      -29.162213    
   2    0.91500000      -1960.6101      -2.3386618       246178.49      -25.591501    
   2    0.91600000      -1712.9895      -2.3624513       248999.46      -21.981495    
   2    0.91700000      -1462.7386      -2.3826135       251438.12      -18.337738    
   2    0.91800000      -1210.2419      -2.3991174       253490.71      -14.665825    
   2    0.91900000      -955.88695      -2.4119377       255154.09      -10.971395    
   2    0.92000000      -700.06431      -2.4210546       256425.71      -7.2601180    
   2    0.92100000      -443.16679      -2.4264542       257303.60      -3.5376941    
   2    0.92200000      -185.58881      -2.4281282       257786.42      0.19016160    
   2    0.92300000       72.274117      -2.4260740       257873.44       3.9177253    
   2    0.92400000       330.02608      -2.4202947       257564.51       7.6392737    
   2    0.92500000       587.27131      -2.4107993       256860.11       11.349093    
   2    0.92600000       843.61483      -2.3976024       255761.33       15.041486    
   2    0.92700000       1098.6631      -2.3807241       254269.85       18.710784    
   2    0.92800000       1352.0244      -2.3601904       252387.95       22.351354    
   2    0.92900000       1603.3098      -2.3360328       250118.54       25.957605    
   2    0.93000000       1852.1334      -2.3082885       247465.09       29.524000    
   2    0.93100000       2098.1133      -2.2769999       244431.67       33.045064    
   2    0.93200000       2340.8717      -2.2422152       241022.96       36.515389    
   2    0.93300000       2580.0358      -2.2039878       237244.17       39.929649    
   2    0.93400000       2815.2386      -2.1623764       233101.11       43.282599    
   2    0.93500000       3046.1188      -2.1174448       228600.15       46.569093    
   2    0.93600000       3272.3219      -2.0692620       223748.19       49.784084    
   2    0.93700000       3493.5006      -2.0179021       218552.69       52.922636    
   2    0.93800000       3709.3154      -1.9634438       213021.61       55.979930    
   2    0.93900000       3919.4348      -1.9059709       207163.46       58.951271    
   2    0.94000000       4123.5363      -1.8455715       200987.23       61.832097    
   2    0.94100000       4321.3064      -1.7823383       194502.39       64.617985    
   2    0.94200000       4512.4415      -1.7163686       187718.92       67.304658    
   2    0.94300000       4696.6482      -1.6477635       180647.22       69.887990    
   2    0.94400000       4873.6435      -1.5766284       173298.15       72.364015    
   2    0.94500000       5043.1558      -1.5030725       165682.99       74.728931    
   2    0.94600000       5204.9247      -1.4272088       157813.45       76.979108    
   2    0.94700000       5358.7019      -1.3491537       149701.59       79.111089    
   2    0.94800000       5504.2512      -1.2690271       141359.88       81.121602    
   2    0.94900000       5641.3493      -1.1869520       132801.12       83.007559    
   2    0.95000000       5769.7855      -1.1030544       124038.46       84.766065    
   2    0.95100000       5889.3627      -1.0174632       115085.35       86.394420    
   2    0.95200000       5999.8973     -0.93030981       105955.53       87.890124    
   2    0.95300000       6101.2196     -0.84172798       96663.029       89.250880    
   2    0.95400000       6193.1739     -0.75185374       87222.109       90.474598    
   2    0.95500000       6275.6191     -0.66082509       77647.267       91.559401    
   2    0.95600000       6348.4287     -0.56878180       67953.204       92.503621    
   2    0.95700000       6411.4908     -0.47586519       58154.804       93.305811    
   2    0.95800000       6464.7085     -0.38221793       48267.113       93.964736    
   2    0.95900000       6508.0003     -0.28798381       38305.311       94.479387    
   2    0.96000000       6541.2995     -0.19330752       28284.695       94.848973    
   2    0.96100000       6564.5552     -0.98334412E-01   18220.650       95.072926    
   2    0.96200000       6577.7315     -0.32103243E-02   8128.6289       95.150903    
   2    0.96300000       6580.8083      0.91918693E-01  -1975.8731       95.082783    
   2    0.96400000       6573.7808      0.18690658      -12077.341       94.868672    
   2    0.96500000       6556.6598      0.28160748      -22160.266       94.508898    
   2    0.96600000       6529.4716      0.37587600      -32209.165       94.004014    
   2    0.96700000       6492.2579      0.46956739      -42208.610       93.354794    
   2    0.96800000       6445.0760      0.56253781      -52143.247       92.562236    
   2    0.96900000       6387.9981      0.65464449      -61997.822       91.627556    
   2    0.97000000       6321.1121      0.74574602      -71757.205       90.552190    
   2    0.97100000       6244.5205      0.83570252      -81406.411       89.337788    
   2    0.97200000       6158.3409      0.92437587      -90930.624       87.986216    
   2    0.97300000       6062.7057       1.0116299      -100315.22       86.499549    
   2    0.97400000       5957.7618       1.0973307      -109545.79       84.880068    
   2    0.97500000       5843.6702       1.1813466      -118608.16       83.130262    
   2    0.97600000       5720.6062       1.2635487      -127488.42       81.252815    
   2    0.97600000       5720.6062       1.2635487      -127488.42       81.252815    
   2    0.97700000       5588.7586       1.3438107      -136172.94       79.250613    
   2    0.97800000       5448.3300       1.4220093      -144648.37       77.126727    
   2    0.97900000       5299.5359       1.4980246      -152901.70       74.884420    
   2    0.98000000       5142.6049       1.5717398      -160920.27       72.527134    
   2    0.98100000       4977.7778       1.6430418      -168691.76       70.058488    
   2    0.98200000       4805.3077       1.7118210      -176204.23       67.482274    
   2    0.98300000       4625.4595       1.7779718      -183446.16       64.802447    
   2    0.98400000       4438.5093       1.8413927      -190406.42       62.023120    
   2    0.98500000       4244.7441       1.9019863      -197074.33       59.148563    
   2    0.98600000       4044.4615       1.9596595      -203439.65       56.183188    
   2    0.98700000       3837.9689       2.0143239      -209492.60       53.131548    
   2    0.98800000       3625.5835       2.0658954      -215223.90       49.998329    
   2    0.98900000       3407.6313       2.1142950      -220624.74       46.788342    
   2    0.99000000       3184.4469       2.1594482      -225686.82       43.506515    
   2    0.99100000       2956.3731       2.2012857      -230402.39       40.157888    
   2    0.99200000       2723.7601       2.2397434      -234764.19       36.747602    
   2    0.99300000       2486.9649       2.2747621      -238765.53       33.280893    
   2    0.99400000       2246.3512       2.3062881      -242400.26       29.763084    
   2    0.99500000       2002.2885       2.3342731      -245662.81       26.199576    
   2    0.99600000       1755.1514       2.3586739      -248548.17       22.595841    
   2    0.99700000       1505.3194       2.3794532      -251051.90       18.957411    
   2    0.99800000       1253.1761       2.3965790      -253170.16       15.289875    
